#X,Y,Z,attr 
 16316.770, 60500.000,  -239.966,     0.621
 15521.739, 60500.000,  -225.510,     0.605
 53762.733, 60500.000,  -286.224,     0.837
 16634.783, 60500.000,  -205.272,     0.458
 19894.410, 60500.000,  -216.837,     0.561
 55670.807, 60500.000,  -286.224,     0.509
 10831.056, 60500.000,  -216.837,     0.742
 12898.137, 60500.000,  -222.619,     0.470
 32614.907, 60500.000,  -271.769,     0.647
 26254.658, 60500.000,  -254.422,     0.922
 14647.205, 60500.000,  -234.184,     0.665
 25936.646, 60500.000,  -257.313,     0.885
 13693.168, 60500.000,  -237.075,     0.729
 17747.826, 60500.000,  -225.510,     0.597
 41996.273, 60500.000,  -280.442,     0.978
 14090.683, 60500.000,  -193.707,     0.506
 13534.161, 60500.000,  -211.054,     0.579
 55591.304, 60500.000,  -292.007,     0.928
 17747.826, 60500.000,  -228.401,     0.673
 17906.832, 60500.000,  -234.184,     0.720
 27844.720, 60500.000,  -257.313,     0.694
 40167.702, 60500.000,  -283.333,     0.970
 21166.460, 60500.000,  -225.510,     0.596
 55829.814, 60500.000,  -300.680,     0.575
 57340.373, 60500.000,  -297.789,     0.914
 44460.870, 60500.000,  -280.442,     0.944
 11387.578, 60500.000,  -225.510,     0.404
 45891.925, 60500.000,  -277.551,     0.576
 19655.901, 60500.000,  -242.857,     0.906
 44460.870, 60500.000,  -283.333,     0.953
 17906.832, 60500.000,  -208.163,     0.567
 48674.534, 60500.000,  -294.898,     0.278
 40962.733, 60500.000,  -280.442,     0.852
 24108.075, 60500.000,  -254.422,     0.346
 20927.950, 60500.000,  -239.966,     0.866
 16634.783, 60500.000,  -222.619,     0.701
 41678.261, 60500.000,  -292.007,     0.282
 45891.925, 60500.000,  -286.224,     0.835
 38339.130, 60500.000,  -274.660,     0.779
 21484.472, 60500.000,  -237.075,     0.909
 15283.230, 60500.000,  -234.184,     0.487
 58612.422, 60500.000,  -283.333,     0.589
 59248.447, 60500.000,  -283.333,     0.367
 54478.261, 60500.000,  -297.789,     0.774
 57817.391, 60500.000,  -289.116,     0.704
 42632.298, 60500.000,  -292.007,     0.226
 11785.093, 60500.000,  -222.619,     0.387
 40247.205, 60500.000,  -283.333,     0.973
 53762.733, 60500.000,  -294.898,     0.730
 17429.814, 60500.000,  -248.639,     0.228
 49708.075, 60500.000,  -274.660,     0.601
 24505.590, 60500.000,  -251.531,     0.868
 32773.913, 60500.000,  -268.878,     0.460
 22597.516, 60500.000,  -228.401,     0.274
 21563.975, 60500.000,  -254.422,     0.888
 14011.180, 60500.000,  -231.293,     0.827
 12262.112, 60500.000,  -234.184,     0.865
 10433.540, 60500.000,  -239.966,     0.669
 10751.553, 60500.000,  -234.184,     0.846
 19019.876, 60500.000,  -242.857,     0.746
 17111.801, 60500.000,  -225.510,     0.836
 17509.317, 60500.000,  -216.837,     0.477
 31263.354, 60500.000,  -263.095,     0.593
 17827.329, 60500.000,  -237.075,     0.804
 23551.553, 60500.000,  -239.966,     0.953
 12898.137, 60500.000,  -234.184,     0.788
  9877.019, 60500.000,  -208.163,     0.851
 46607.453, 60500.000,  -277.551,     0.975
  9559.006, 60500.000,  -187.925,     0.834
 23551.553, 60500.000,  -237.075,     0.925
 22677.019, 60500.000,  -228.401,     0.040
 40485.714, 60500.000,  -277.551,     0.886
 58214.907, 60500.000,  -309.354,     0.187
 13136.646, 60500.000,  -239.966,     0.190
 39770.186, 60500.000,  -280.442,     0.980
 15998.758, 60500.000,  -199.490,     0.369
 17827.329, 60500.000,  -216.837,     0.517
 37703.106, 60500.000,  -289.116,     0.275
 37623.602, 60500.000,  -283.333,     0.741
 13931.677, 60500.000,  -216.837,     0.583
 18701.863, 60500.000,  -228.401,     0.685
 41916.770, 60500.000,  -286.224,     0.941
 20371.429, 60500.000,  -242.857,     0.855
 51139.130, 60500.000,  -280.442,     0.882
 25141.615, 60500.000,  -251.531,     0.984
 38816.149, 60500.000,  -271.769,     0.821
 35238.509, 60500.000,  -286.224,     0.942
 11069.565, 60500.000,  -225.510,     0.325
 11546.584, 60500.000,  -193.707,     0.575
 25618.634, 60500.000,  -248.639,     0.620
 36113.043, 60500.000,  -280.442,     0.652
 37941.615, 60500.000,  -283.333,     0.906
 17747.826, 60500.000,  -211.054,     0.553
 58214.907, 60500.000,  -286.224,     0.465
 22995.031, 60500.000,  -237.075,     0.950
 18701.863, 60500.000,  -216.837,     0.847
 43188.820, 60500.000,  -286.224,     0.859
 18224.845, 60500.000,  -211.054,     0.759
 38339.130, 60500.000,  -277.551,     0.820
 60600.000, 60500.000,  -309.354,     0.897
 59725.466, 60500.000,  -306.463,     0.541
 59407.453, 60500.000,  -300.680,     0.900
 12739.130, 60500.000,  -196.599,     0.969
 33171.429, 60500.000,  -268.878,     0.453
 42552.795, 60500.000,  -271.769,     0.961
 54319.255, 60500.000,  -292.007,     0.886
 21166.460, 60500.000,  -245.748,     0.952
 11228.571, 60500.000,  -219.728,     0.462
 33409.938, 60500.000,  -277.551,     0.761
  9956.522, 60500.000,  -202.381,     0.822
 12103.106, 60500.000,  -187.925,     0.382
 49946.584, 60500.000,  -286.224,     0.825
 46766.460, 60500.000,  -289.116,     0.882
 39770.186, 60500.000,  -277.551,     0.973
 37146.584, 60500.000,  -277.551,     0.687
 30865.839, 60500.000,  -260.204,     0.321
 12977.640, 60500.000,  -205.272,     0.761
 28957.764, 60500.000,  -260.204,     0.708
 37385.093, 60500.000,  -277.551,     0.592
 56942.857, 60500.000,  -292.007,     0.919
 48515.528, 60500.000,  -294.898,     0.282
 14090.683, 60500.000,  -234.184,     0.928
 43745.342, 60500.000,  -277.551,     0.920
 48595.031, 60500.000,  -292.007,     0.937
 17588.820, 60500.000,  -219.728,     0.486
 10990.062, 60500.000,  -199.490,     0.775
 44142.857, 60500.000,  -268.878,     0.409
 15362.733, 60500.000,  -216.837,     0.345
 46766.460, 60500.000,  -286.224,     0.956
 19019.876, 60500.000,  -231.293,     0.717
 16237.267, 60500.000,  -242.857,     0.459
 17668.323, 60500.000,  -234.184,     0.863
 30865.839, 60500.000,  -265.986,     0.527
 50185.093, 60500.000,  -286.224,     0.907
 36828.571, 60500.000,  -274.660,     0.685
 30070.807, 60500.000,  -265.986,     0.764
 41042.236, 60500.000,  -274.660,     0.742
 24744.099, 60500.000,  -245.748,     0.891
 41837.267, 60500.000,  -271.769,     0.685
 20768.944, 60500.000,  -245.748,     0.915
 18542.857, 60500.000,  -208.163,     0.297
 10592.547, 60500.000,  -199.490,     0.871
 10990.062, 60500.000,  -248.639,     0.163
 23154.037, 60500.000,  -245.748,     0.882
 27526.708, 60500.000,  -263.095,     0.827
 44142.857, 60500.000,  -271.769,     0.661
 17827.329, 60500.000,  -208.163,     0.614
 36272.050, 60500.000,  -280.442,     0.754
 59725.466, 60500.000,  -312.245,     0.594
 59248.447, 60500.000,  -312.245,     0.139
 52331.677, 60500.000,  -294.898,     0.239
 19655.901, 60500.000,  -239.966,     0.910
 56863.354, 60500.000,  -300.680,     0.514
 11467.081, 60500.000,  -231.293,     0.657
 16237.267, 60500.000,  -208.163,     0.533
 54557.764, 60500.000,  -297.789,     0.690
 46766.460, 60500.000,  -274.660,     0.651
 41042.236, 60500.000,  -268.878,     0.545
 11467.081, 60500.000,  -193.707,     0.554
 58214.907, 60500.000,  -289.116,     0.535
 57419.876, 60500.000,  -297.789,     0.907
 55591.304, 60500.000,  -289.116,     0.854
 13693.168, 60500.000,  -202.381,     0.914
 47243.478, 60500.000,  -277.551,     0.652
 40247.205, 60500.000,  -280.442,     0.945
 14170.186, 60500.000,  -213.946,     0.453
 41042.236, 60500.000,  -283.333,     0.890
 10751.553, 60500.000,  -225.510,     0.481
 41996.273, 60500.000,  -274.660,     0.940
 10592.547, 60500.000,  -187.925,     0.872
 43347.826, 60500.000,  -283.333,     0.929
 44222.360, 60500.000,  -280.442,     0.896
  9559.006, 60500.000,  -219.728,     0.843
 16873.292, 60500.000,  -216.837,     0.587
 16555.280, 60500.000,  -225.510,     0.609
 34840.994, 60500.000,  -289.116,     0.116
 21722.981, 60500.000,  -237.075,     0.958
 38577.640, 60500.000,  -277.551,     0.953
 42632.298, 60500.000,  -286.224,     0.813
 15362.733, 60500.000,  -225.510,     0.733
 38657.143, 60500.000,  -274.660,     0.843
 38816.149, 60500.000,  -274.660,     0.851
 16475.776, 60500.000,  -242.857,     0.567
 48833.540, 60500.000,  -283.333,     0.978
 12500.621, 60500.000,  -225.510,     0.577
 52967.702, 60500.000,  -280.442,     0.612
 17191.304, 60500.000,  -225.510,     0.796
 10274.534, 60500.000,  -231.293,     0.713
 44142.857, 60500.000,  -286.224,     0.257
 11467.081, 60500.000,  -228.401,     0.444
 41996.273, 60500.000,  -268.878,     0.472
 58612.422, 60500.000,  -294.898,     0.918
 18463.354, 60500.000,  -222.619,     0.871
 10433.540, 60500.000,  -196.599,     0.745
 59168.944, 60500.000,  -297.789,     0.800
 17588.820, 60500.000,  -237.075,     0.970
 10672.050, 60500.000,  -185.034,     0.779
 55034.783, 60500.000,  -289.116,     0.840
 28957.764, 60500.000,  -265.986,     0.556
 44381.366, 60500.000,  -271.769,     0.718
 43665.839, 60500.000,  -277.551,     0.968
 10195.031, 60500.000,  -193.707,     0.774
 51377.640, 60500.000,  -277.551,     0.886
 48436.025, 60500.000,  -294.898,     0.290
 14329.193, 60500.000,  -208.163,     0.629
 14329.193, 60500.000,  -211.054,     0.493
 33409.938, 60500.000,  -274.660,     0.550
 10592.547, 60500.000,  -228.401,     0.477
 60043.478, 60500.000,  -294.898,     0.432
 16316.770, 60500.000,  -237.075,     0.831
 25539.130, 60500.000,  -248.639,     0.575
 10751.553, 60500.000,  -239.966,     0.506
 30627.329, 60500.000,  -263.095,     0.550
 20450.932, 60500.000,  -216.837,     0.074
  9638.509, 60500.000,  -179.252,     0.435
 17111.801, 60500.000,  -228.401,     0.839
 46527.950, 60500.000,  -286.224,     0.983
 60122.981, 60500.000,  -315.136,     0.137
 42314.286, 60500.000,  -277.551,     0.961
 42870.807, 60500.000,  -277.551,     0.861
 36033.540, 60500.000,  -292.007,     0.244
 24028.571, 60500.000,  -248.639,     0.814
 54319.255, 60500.000,  -300.680,     0.234
 20291.925, 60500.000,  -242.857,     0.823
 22279.503, 60500.000,  -239.966,     0.895
 35874.534, 60500.000,  -280.442,     0.553
 38418.634, 60500.000,  -271.769,     0.621
 58532.919, 60500.000,  -292.007,     0.835
 20212.422, 60500.000,  -231.293,     0.933
 12182.609, 60500.000,  -231.293,     0.808
 42791.304, 60500.000,  -280.442,     0.941
 16714.286, 60500.000,  -239.966,     0.904
 20212.422, 60500.000,  -234.184,     0.903
  9956.522, 60500.000,  -231.293,     0.744
 54160.248, 60500.000,  -297.789,     0.563
 14806.211, 60500.000,  -205.272,     0.893
 29196.273, 60500.000,  -265.986,     0.513
 26970.186, 60500.000,  -260.204,     0.808
 15442.236, 60500.000,  -225.510,     0.655
 57658.385, 60500.000,  -283.333,     0.500
 19655.901, 60500.000,  -216.837,     0.692
 17906.832, 60500.000,  -216.837,     0.513
 54478.261, 60500.000,  -286.224,     0.894
 49708.075, 60500.000,  -294.898,     0.190
 14647.205, 60500.000,  -199.490,     0.853
 22518.012, 60500.000,  -254.422,     0.945
  9718.012, 60500.000,  -182.143,     0.816
 10751.553, 60500.000,  -213.946,     0.793
 15362.733, 60500.000,  -234.184,     0.476
 46686.957, 60500.000,  -289.116,     0.925
 52570.186, 60500.000,  -289.116,     0.970
 32773.913, 60500.000,  -277.551,     0.766
 34443.478, 60500.000,  -274.660,     0.486
 16634.783, 60500.000,  -219.728,     0.727
 59566.460, 60500.000,  -297.789,     0.819
 10115.528, 60500.000,  -213.946,     0.851
  9559.006, 60500.000,  -216.837,     0.851
 23869.565, 60500.000,  -242.857,     0.960
 15680.745, 60500.000,  -242.857,     0.175
 53206.211, 60500.000,  -280.442,     0.467
 11785.093, 60500.000,  -199.490,     0.578
 49231.056, 60500.000,  -283.333,     0.889
 16793.789, 60500.000,  -248.639,     0.165
 11308.075, 60500.000,  -239.966,     0.438
 52808.696, 60500.000,  -280.442,     0.576
 12659.627, 60500.000,  -211.054,     0.594
 34840.994, 60500.000,  -280.442,     0.738
 60043.478, 60500.000,  -315.136,     0.137
 39690.683, 60500.000,  -280.442,     0.983
 46368.944, 60500.000,  -289.116,     0.933
 15601.242, 60500.000,  -205.272,     0.780
 33648.447, 60500.000,  -274.660,     0.592
 12977.640, 60500.000,  -228.401,     0.764
 26970.186, 60500.000,  -263.095,     0.839
 17429.814, 60500.000,  -202.381,     0.421
 25936.646, 60500.000,  -265.986,     0.078
 12580.124, 60500.000,  -208.163,     0.761
 13613.665, 60500.000,  -225.510,     0.481
 26413.665, 60500.000,  -257.313,     0.918
 12341.615, 60500.000,  -187.925,     0.450
 29116.770, 60500.000,  -257.313,     0.374
 21007.453, 60500.000,  -225.510,     0.785
 11467.081, 60500.000,  -219.728,     0.498
 14806.211, 60500.000,  -211.054,     0.422
 19735.404, 60500.000,  -213.946,     0.376
 20371.429, 60500.000,  -225.510,     0.774
 29991.304, 60500.000,  -260.204,     0.310
 41360.248, 60500.000,  -280.442,     0.875
 23551.553, 60500.000,  -242.857,     0.969
 19337.888, 60500.000,  -211.054,     0.063
 11546.584, 60500.000,  -245.748,     0.064
 60440.994, 60500.000,  -306.463,     0.725
 12659.627, 60500.000,  -219.728,     0.505
 18383.851, 60500.000,  -211.054,     0.699
 22200.000, 60500.000,  -239.966,     0.925
 17827.329, 60500.000,  -239.966,     0.914
 34602.484, 60500.000,  -277.551,     0.557
 10592.547, 60500.000,  -222.619,     0.458
 51616.149, 60500.000,  -280.442,     0.894
 20530.435, 60500.000,  -245.748,     0.844
 38816.149, 60500.000,  -268.878,     0.532
  9877.019, 60500.000,  -199.490,     0.812
 49628.571, 60500.000,  -294.898,     0.171
 17588.820, 60500.000,  -248.639,     0.272
 55670.807, 60500.000,  -300.680,     0.515
 19655.901, 60500.000,  -251.531,     0.788
 40883.230, 60500.000,  -277.551,     0.863
 44858.385, 60500.000,  -277.551,     0.876
 56306.832, 60500.000,  -297.789,     0.602
 18065.839, 60500.000,  -245.748,     0.850
 17350.311, 60500.000,  -245.748,     0.602
 17906.832, 60500.000,  -219.728,     0.505
 10036.025, 60500.000,  -185.034,     0.918
 58771.429, 60500.000,  -303.571,     0.813
 16714.286, 60500.000,  -205.272,     0.439
 14011.180, 60500.000,  -216.837,     0.500
  9479.503, 60500.000,  -234.184,     0.910
 11387.578, 60500.000,  -190.816,     0.472
 10751.553, 60500.000,  -182.143,     0.369
 38100.621, 60500.000,  -274.660,     0.855
 15839.752, 60500.000,  -205.272,     0.569
 51695.652, 60500.000,  -289.116,     0.937
 52093.168, 60500.000,  -283.333,     0.965
 58373.913, 60500.000,  -286.224,     0.590
 13454.658, 60500.000,  -208.163,     0.677
 22995.031, 60500.000,  -254.422,     0.348
 14726.708, 60500.000,  -208.163,     0.618
 52172.671, 60500.000,  -294.898,     0.247
 22756.522, 60500.000,  -248.639,     0.894
 60520.497, 60500.000,  -315.136,     0.221
 40088.199, 60500.000,  -268.878,     0.553
 57340.373, 60500.000,  -294.898,     0.929
 52570.186, 60500.000,  -294.898,     0.290
 22359.006, 60500.000,  -254.422,     0.904
 59566.460, 60500.000,  -292.007,     0.511
 34204.969, 60500.000,  -283.333,     0.928
 14488.199, 60500.000,  -239.966,     0.212
 47640.994, 60500.000,  -292.007,     0.270
 53842.236, 60500.000,  -286.224,     0.896
  9479.503, 60500.000,  -211.054,     0.835
 36351.553, 60500.000,  -286.224,     0.945
 50980.124, 60500.000,  -277.551,     0.933
 37862.112, 60500.000,  -289.116,     0.282
 11705.590, 60500.000,  -231.293,     0.588
 51934.161, 60500.000,  -289.116,     0.914
 42711.801, 60500.000,  -268.878,     0.635
 10751.553, 60500.000,  -196.599,     0.624
 38657.143, 60500.000,  -271.769,     0.786
 57896.894, 60500.000,  -300.680,     0.943
 57658.385, 60500.000,  -300.680,     0.629
 41598.758, 60500.000,  -286.224,     0.867
 24982.609, 60500.000,  -248.639,     0.953
 56545.342, 60500.000,  -306.463,     0.007
 37305.590, 60500.000,  -271.769,     0.526
 22040.994, 60500.000,  -231.293,     0.704
 43268.323, 60500.000,  -277.551,     0.918
 15521.739, 60500.000,  -202.381,     0.900
 38180.124, 60500.000,  -274.660,     0.805
 11864.596, 60500.000,  -219.728,     0.465
 13534.161, 60500.000,  -199.490,     0.890
 36908.075, 60500.000,  -283.333,     0.906
 50741.615, 60500.000,  -283.333,     0.867
 57260.870, 60500.000,  -303.571,     0.590
 13772.671, 60500.000,  -239.966,     0.239
 13772.671, 60500.000,  -222.619,     0.501
 27685.714, 60500.000,  -257.313,     0.446
 23790.062, 60500.000,  -237.075,     0.456
 24585.093, 60500.000,  -239.966,     0.597
 56147.826, 60500.000,  -289.116,     0.694
 16555.280, 60500.000,  -234.184,     0.815
 21007.453, 60500.000,  -219.728,     0.429
 10195.031, 60500.000,  -216.837,     0.843
 32932.919, 60500.000,  -280.442,     0.226
 33012.422, 60500.000,  -280.442,     0.265
 16793.789, 60500.000,  -228.401,     0.770
 36590.062, 60500.000,  -277.551,     0.753
 41439.752, 60500.000,  -289.116,     0.929
 23869.565, 60500.000,  -248.639,     0.876
 31740.373, 60500.000,  -280.442,     0.140
 14965.217, 60500.000,  -216.837,     0.293
 11228.571, 60500.000,  -222.619,     0.366
 29434.783, 60500.000,  -268.878,     0.732
 33886.957, 60500.000,  -274.660,     0.543
 19735.404, 60500.000,  -254.422,     0.268
  9797.516, 60500.000,  -185.034,     0.745
 38657.143, 60500.000,  -283.333,     0.884
 16714.286, 60500.000,  -225.510,     0.764
 10115.528, 60500.000,  -219.728,     0.882
 21245.963, 60500.000,  -257.313,     0.290
 14170.186, 60500.000,  -216.837,     0.481
 16316.770, 60500.000,  -245.748,     0.171
 44540.373, 60500.000,  -271.769,     0.742
 18145.342, 60500.000,  -245.748,     0.870
 52967.702, 60500.000,  -289.116,     0.909
  9479.503, 60500.000,  -231.293,     0.867
 19258.385, 60500.000,  -222.619,     0.727
 42711.801, 60500.000,  -292.007,     0.140
 54637.267, 60500.000,  -283.333,     0.549
 56942.857, 60500.000,  -303.571,     0.671
 58453.416, 60500.000,  -280.442,     0.470
 42711.801, 60500.000,  -274.660,     0.893
 56386.335, 60500.000,  -300.680,     0.520
 28957.764, 60500.000,  -263.095,     0.573
 15124.224, 60500.000,  -239.966,     0.186
 31024.845, 60500.000,  -263.095,     0.486
 57101.863, 60500.000,  -286.224,     0.687
 16634.783, 60500.000,  -211.054,     0.527
 25857.143, 60500.000,  -257.313,     0.912
 18542.857, 60500.000,  -213.946,     0.760
  9718.012, 60500.000,  -239.966,     0.376
 15283.230, 60500.000,  -199.490,     0.948
 18781.366, 60500.000,  -254.422,     0.180
 13613.665, 60500.000,  -205.272,     0.834
 22995.031, 60500.000,  -242.857,     0.958
 23154.037, 60500.000,  -251.531,     0.815
 40008.696, 60500.000,  -283.333,     0.935
 19496.894, 60500.000,  -231.293,     0.766
 36510.559, 60500.000,  -286.224,     0.929
 10354.037, 60500.000,  -228.401,     0.715
 24028.571, 60500.000,  -239.966,     0.514
 11149.068, 60500.000,  -219.728,     0.453
 21007.453, 60500.000,  -239.966,     0.905
 22597.516, 60500.000,  -234.184,     0.886
 28162.733, 60500.000,  -271.769,     0.931
 35000.000, 60500.000,  -277.551,     0.533
 22120.497, 60500.000,  -237.075,     0.941
 15044.720, 60500.000,  -213.946,     0.384
 58771.429, 60500.000,  -280.442,     0.334
 43745.342, 60500.000,  -283.333,     0.962
 18065.839, 60500.000,  -228.401,     0.583
 15998.758, 60500.000,  -239.966,     0.554
 35397.516, 60500.000,  -289.116,     0.603
 39770.186, 60500.000,  -271.769,     0.838
 48197.516, 60500.000,  -286.224,     0.868
 42473.292, 60500.000,  -274.660,     0.922
 43586.335, 60500.000,  -289.116,     0.204
 28719.255, 60500.000,  -268.878,     0.614
 12421.118, 60500.000,  -211.054,     0.627
 11705.590, 60500.000,  -228.401,     0.404
 13454.658, 60500.000,  -190.816,     0.404
 39452.174, 60500.000,  -286.224,     0.278
 57101.863, 60500.000,  -294.898,     0.867
 36908.075, 60500.000,  -286.224,     0.960
 15760.248, 60500.000,  -216.837,     0.436
 20689.441, 60500.000,  -228.401,     0.830
 22756.522, 60500.000,  -242.857,     0.799
 52093.168, 60500.000,  -280.442,     0.976
 10274.534, 60500.000,  -187.925,     0.944
 24664.596, 60500.000,  -248.639,     0.870
 46050.932, 60500.000,  -280.442,     0.871
 13534.161, 60500.000,  -216.837,     0.462
 11546.584, 60500.000,  -222.619,     0.433
 49231.056, 60500.000,  -292.007,     0.877
 12023.602, 60500.000,  -239.966,     0.231
 14249.689, 60500.000,  -213.946,     0.411
 11705.590, 60500.000,  -239.966,     0.382
 41201.242, 60500.000,  -280.442,     0.838
 48674.534, 60500.000,  -283.333,     0.932
 11228.571, 60500.000,  -237.075,     0.611
 44142.857, 60500.000,  -277.551,     0.941
 32296.894, 60500.000,  -268.878,     0.735
 28719.255, 60500.000,  -271.769,     0.792
 45494.410, 60500.000,  -286.224,     0.587
 14488.199, 60500.000,  -211.054,     0.425
 16475.776, 60500.000,  -213.946,     0.706
 12659.627, 60500.000,  -237.075,     0.673
 20609.938, 60500.000,  -222.619,     0.588
 21802.484, 60500.000,  -248.639,     0.975
 40167.702, 60500.000,  -277.551,     0.932
 12182.609, 60500.000,  -196.599,     0.549
 45573.913, 60500.000,  -283.333,     0.921
 43665.839, 60500.000,  -286.224,     0.307
 16793.789, 60500.000,  -216.837,     0.608
 29116.770, 60500.000,  -265.986,     0.481
 10831.056, 60500.000,  -219.728,     0.589
 47481.988, 60500.000,  -292.007,     0.282
 12739.130, 60500.000,  -216.837,     0.472
 26016.149, 60500.000,  -265.986,     0.306
 46130.435, 60500.000,  -289.116,     0.981
 39929.193, 60500.000,  -268.878,     0.588
 11785.093, 60500.000,  -213.946,     0.735
 48197.516, 60500.000,  -283.333,     0.901
 23631.056, 60500.000,  -248.639,     0.954
 24505.590, 60500.000,  -239.966,     0.592
 46289.441, 60500.000,  -292.007,     0.287
 57419.876, 60500.000,  -292.007,     0.757
 15760.248, 60500.000,  -205.272,     0.605
 37464.596, 60500.000,  -271.769,     0.509
 36113.043, 60500.000,  -277.551,     0.565
 10115.528, 60500.000,  -231.293,     0.746
 10354.037, 60500.000,  -211.054,     0.576
 19258.385, 60500.000,  -239.966,     0.952
 29673.292, 60500.000,  -263.095,     0.514
 19099.379, 60500.000,  -222.619,     0.957
 45335.404, 60500.000,  -280.442,     0.956
 49787.578, 60500.000,  -286.224,     0.889
 13852.174, 60500.000,  -231.293,     0.819
 18542.857, 60500.000,  -211.054,     0.609
 33012.422, 60500.000,  -268.878,     0.467
 12182.609, 60500.000,  -237.075,     0.650
 34363.975, 60500.000,  -277.551,     0.612
 12262.112, 60500.000,  -231.293,     0.927
 17747.826, 60500.000,  -222.619,     0.534
 43029.814, 60500.000,  -289.116,     0.263
 11149.068, 60500.000,  -231.293,     0.456
  9877.019, 60500.000,  -237.075,     0.927
 51536.646, 60500.000,  -292.007,     0.238
 18701.863, 60500.000,  -245.748,     0.902
 51695.652, 60500.000,  -286.224,     0.945
 59486.957, 60500.000,  -312.245,     0.187
 35715.528, 60500.000,  -274.660,     0.376
 10513.043, 60500.000,  -228.401,     0.498
 17668.323, 60500.000,  -239.966,     0.947
 13772.671, 60500.000,  -193.707,     0.591
 21166.460, 60500.000,  -254.422,     0.884
 18065.839, 60500.000,  -211.054,     0.586
 12818.634, 60500.000,  -219.728,     0.458
 32455.901, 60500.000,  -277.551,     0.894
 15203.727, 60500.000,  -202.381,     0.925
 38259.627, 60500.000,  -286.224,     0.761
 41280.745, 60500.000,  -280.442,     0.851
 43427.329, 60500.000,  -289.116,     0.278
 45494.410, 60500.000,  -277.551,     0.804
 16634.783, 60500.000,  -239.966,     0.866
 38895.652, 60500.000,  -277.551,     0.918
 18622.360, 60500.000,  -208.163,     0.294
 56306.832, 60500.000,  -283.333,     0.738
 46368.944, 60500.000,  -286.224,     0.898
 60361.491, 60500.000,  -303.571,     0.880
 15998.758, 60500.000,  -219.728,     0.414
 30150.311, 60500.000,  -271.769,     0.962
 35636.025, 60500.000,  -289.116,     0.875
 14726.708, 60500.000,  -219.728,     0.340
 59248.447, 60500.000,  -294.898,     0.633
 15442.236, 60500.000,  -202.381,     0.871
 59725.466, 60500.000,  -292.007,     0.505
 14329.193, 60500.000,  -239.966,     0.239
 10036.025, 60500.000,  -234.184,     0.760
 11864.596, 60500.000,  -239.966,     0.180
 18542.857, 60500.000,  -219.728,     0.882
 47561.491, 60500.000,  -283.333,     0.790
 19258.385, 60500.000,  -234.184,     0.940
 46130.435, 60500.000,  -283.333,     0.929
 17350.311, 60500.000,  -205.272,     0.599
 23233.540, 60500.000,  -245.748,     0.881
 32535.404, 60500.000,  -277.551,     0.866
 58532.919, 60500.000,  -289.116,     0.780
 25618.634, 60500.000,  -257.313,     0.953
 18463.354, 60500.000,  -216.837,     0.867
 47243.478, 60500.000,  -292.007,     0.257
 52093.168, 60500.000,  -294.898,     0.253
 11069.565, 60500.000,  -182.143,     0.365
 10990.062, 60500.000,  -216.837,     0.679
 17668.323, 60500.000,  -225.510,     0.603
 57896.894, 60500.000,  -297.789,     0.839
 47640.994, 60500.000,  -280.442,     0.761
 55591.304, 60500.000,  -294.898,     0.806
 17191.304, 60500.000,  -202.381,     0.323
 11387.578, 60500.000,  -237.075,     0.591
 12103.106, 60500.000,  -239.966,     0.213
 34920.497, 60500.000,  -286.224,     0.854
 51139.130, 60500.000,  -277.551,     0.922
 55829.814, 60500.000,  -294.898,     0.895
 19814.907, 60500.000,  -225.510,     0.717
 49628.571, 60500.000,  -283.333,     0.933
 15680.745, 60500.000,  -234.184,     0.567
 35954.037, 60500.000,  -274.660,     0.305
 15283.230, 60500.000,  -216.837,     0.340
 12341.615, 60500.000,  -208.163,     0.751
  9400.000, 60500.000,  -231.293,     0.867
 54955.280, 60500.000,  -292.007,     0.936
 44460.870, 60500.000,  -274.660,     0.829
 35477.019, 60500.000,  -283.333,     0.815
 16793.789, 60500.000,  -211.054,     0.432
 23949.068, 60500.000,  -254.422,     0.327
 20609.938, 60500.000,  -254.422,     0.929
 26731.677, 60500.000,  -257.313,     0.649
 11308.075, 60500.000,  -242.857,     0.417
 13931.677, 60500.000,  -193.707,     0.455
 53285.714, 60500.000,  -297.789,     0.121
 11546.584, 60500.000,  -242.857,     0.263
  9797.516, 60500.000,  -190.816,     0.747
 49867.081, 60500.000,  -280.442,     0.944
 13295.652, 60500.000,  -190.816,     0.409
 40724.224, 60500.000,  -277.551,     0.925
 29275.776, 60500.000,  -268.878,     0.762
 12182.609, 60500.000,  -187.925,     0.376
 42234.783, 60500.000,  -268.878,     0.631
 19655.901, 60500.000,  -245.748,     0.941
 58055.901, 60500.000,  -292.007,     0.806
 16157.764, 60500.000,  -208.163,     0.480
 17509.317, 60500.000,  -248.639,     0.258
 22756.522, 60500.000,  -234.184,     0.739
 16396.273, 60500.000,  -213.946,     0.758
 15283.230, 60500.000,  -205.272,     0.705
 13375.155, 60500.000,  -231.293,     0.870
 23869.565, 60500.000,  -254.422,     0.303
 58294.410, 60500.000,  -280.442,     0.361
 19258.385, 60500.000,  -231.293,     0.909
 44222.360, 60500.000,  -286.224,     0.244
 21245.963, 60500.000,  -222.619,     0.308
 14011.180, 60500.000,  -211.054,     0.493
 35556.522, 60500.000,  -289.116,     0.885
 42552.795, 60500.000,  -277.551,     0.902
 10592.547, 60500.000,  -242.857,     0.445
 12977.640, 60500.000,  -208.163,     0.689
 10990.062, 60500.000,  -239.966,     0.465
 28798.758, 60500.000,  -265.986,     0.514
 37941.615, 60500.000,  -274.660,     0.910
  9638.509, 60500.000,  -205.272,     0.816
 11785.093, 60500.000,  -225.510,     0.364
 17747.826, 60500.000,  -245.748,     0.768
 44937.888, 60500.000,  -283.333,     0.911
 30547.826, 60500.000,  -274.660,     0.801
 13693.168, 60500.000,  -216.837,     0.485
 16634.783, 60500.000,  -208.163,     0.472
 10831.056, 60500.000,  -199.490,     0.574
 38657.143, 60500.000,  -280.442,     0.896
 46448.447, 60500.000,  -286.224,     0.980
 11785.093, 60500.000,  -231.293,     0.561
 36987.578, 60500.000,  -280.442,     0.731
 57022.360, 60500.000,  -303.571,     0.750
 41996.273, 60500.000,  -286.224,     0.886
 40088.199, 60500.000,  -274.660,     0.956
 42075.776, 60500.000,  -289.116,     0.764
 48038.509, 60500.000,  -283.333,     0.912
 11387.578, 60500.000,  -202.381,     0.836
 57578.882, 60500.000,  -303.571,     0.538
 13454.658, 60500.000,  -199.490,     0.875
 21166.460, 60500.000,  -231.293,     0.808
 11785.093, 60500.000,  -239.966,     0.234
 22359.006, 60500.000,  -251.531,     0.921
 26970.186, 60500.000,  -271.769,     0.324
 20689.441, 60500.000,  -231.293,     0.914
 21404.969, 60500.000,  -222.619,     0.419
 11944.099, 60500.000,  -196.599,     0.515
 57817.391, 60500.000,  -280.442,     0.503
 52331.677, 60500.000,  -283.333,     0.910
 58373.913, 60500.000,  -289.116,     0.671
 55273.292, 60500.000,  -297.789,     0.759
 19973.913, 60500.000,  -219.728,     0.598
 18383.851, 60500.000,  -242.857,     0.894
  9400.000, 60500.000,  -234.184,     0.898
 19894.410, 60500.000,  -239.966,     0.898
 49469.565, 60500.000,  -274.660,     0.641
 16316.770, 60500.000,  -208.163,     0.563
 56624.845, 60500.000,  -297.789,     0.583
 39611.180, 60500.000,  -280.442,     0.914
 13136.646, 60500.000,  -216.837,     0.442
 18781.366, 60500.000,  -239.966,     0.557
 58771.429, 60500.000,  -292.007,     0.796
 10910.559, 60500.000,  -193.707,     0.706
 45971.429, 60500.000,  -286.224,     0.803
 14726.708, 60500.000,  -237.075,     0.531
 19337.888, 60500.000,  -242.857,     0.793
 15124.224, 60500.000,  -228.401,     0.855
 10433.540, 60500.000,  -216.837,     0.518
 17747.826, 60500.000,  -213.946,     0.521
 57022.360, 60500.000,  -300.680,     0.640
 14249.689, 60500.000,  -234.184,     0.924
 55988.820, 60500.000,  -283.333,     0.010
 26811.180, 60500.000,  -271.769,     0.314
  9718.012, 60500.000,  -179.252,     0.430
 21086.957, 60500.000,  -242.857,     0.968
 35238.509, 60500.000,  -277.551,     0.682
 28321.739, 60500.000,  -268.878,     0.918
 12898.137, 60500.000,  -237.075,     0.607
  9400.000, 60500.000,  -182.143,     0.824
 50900.621, 60500.000,  -286.224,     0.932
 59168.944, 60500.000,  -292.007,     0.531
 11467.081, 60500.000,  -222.619,     0.425
 14011.180, 60500.000,  -237.075,     0.845
 32614.907, 60500.000,  -265.986,     0.432
 43586.335, 60500.000,  -280.442,     0.945
 42234.783, 60500.000,  -277.551,     0.956
 22438.509, 60500.000,  -231.293,     0.673
 19337.888, 60500.000,  -213.946,     0.525
 35715.528, 60500.000,  -283.333,     0.848
 15521.739, 60500.000,  -205.272,     0.751
 56465.839, 60500.000,  -283.333,     0.533
 22915.528, 60500.000,  -234.184,     0.936
 11149.068, 60500.000,  -245.748,     0.100
 11387.578, 60500.000,  -228.401,     0.461
 53444.720, 60500.000,  -297.789,     0.277
 14011.180, 60500.000,  -234.184,     0.922
 13136.646, 60500.000,  -199.490,     0.897
 57658.385, 60500.000,  -294.898,     0.928
 28242.236, 60500.000,  -254.422,     0.429
 40962.733, 60500.000,  -271.769,     0.785
 58055.901, 60500.000,  -286.224,     0.659
 16475.776, 60500.000,  -225.510,     0.687
 17270.807, 60500.000,  -234.184,     0.696
 59566.460, 60500.000,  -300.680,     0.921
 16952.795, 60500.000,  -202.381,     0.251
 21245.963, 60500.000,  -234.184,     0.920
 40008.696, 60500.000,  -271.769,     0.925
 57817.391, 60500.000,  -283.333,     0.722
 10036.025, 60500.000,  -237.075,     0.867
 26334.161, 60500.000,  -265.986,     0.973
 13693.168, 60500.000,  -239.966,     0.242
 35954.037, 60500.000,  -277.551,     0.470
 50185.093, 60500.000,  -283.333,     0.950
 48277.019, 60500.000,  -292.007,     0.934
 16157.764, 60500.000,  -213.946,     0.513
 12182.609, 60500.000,  -234.184,     0.874
 14567.702, 60500.000,  -222.619,     0.622
 48038.509, 60500.000,  -289.116,     0.847
 36431.056, 60500.000,  -283.333,     0.865
 22756.522, 60500.000,  -239.966,     0.856
 57817.391, 60500.000,  -292.007,     0.736
 33489.441, 60500.000,  -268.878,     0.437
 20530.435, 60500.000,  -254.422,     0.647
 23472.050, 60500.000,  -237.075,     0.878
 44301.863, 60500.000,  -280.442,     0.894
 50503.106, 60500.000,  -274.660,     0.600
 24426.087, 60500.000,  -245.748,     0.938
 29832.298, 60500.000,  -263.095,     0.470
 16157.764, 60500.000,  -211.054,     0.502
 15839.752, 60500.000,  -234.184,     0.752
 15760.248, 60500.000,  -228.401,     0.881
 45414.907, 60500.000,  -286.224,     0.302
 53444.720, 60500.000,  -283.333,     0.868
 29752.795, 60500.000,  -263.095,     0.488
 27367.702, 60500.000,  -260.204,     0.696
 52331.677, 60500.000,  -286.224,     0.914
 20927.950, 60500.000,  -222.619,     0.746
 13693.168, 60500.000,  -208.163,     0.757
 26652.174, 60500.000,  -257.313,     0.670
 13295.652, 60500.000,  -213.946,     0.555
 10354.037, 60500.000,  -182.143,     0.397
 20609.938, 60500.000,  -225.510,     0.720
 19258.385, 60500.000,  -245.748,     0.908
 15839.752, 60500.000,  -213.946,     0.442
 13454.658, 60500.000,  -222.619,     0.480
 20530.435, 60500.000,  -228.401,     0.834
 56306.832, 60500.000,  -292.007,     0.944
 25459.627, 60500.000,  -245.748,     0.031
 46845.963, 60500.000,  -280.442,     0.936
 56704.348, 60500.000,  -300.680,     0.518
 12262.112, 60500.000,  -199.490,     0.630
 48515.528, 60500.000,  -283.333,     0.858
 46050.932, 60500.000,  -277.551,     0.761
 10672.050, 60500.000,  -190.816,     0.910
 10036.025, 60500.000,  -219.728,     0.867
 56306.832, 60500.000,  -306.463,     0.022
 58135.404, 60500.000,  -289.116,     0.644
 54557.764, 60500.000,  -300.680,     0.195
 21881.988, 60500.000,  -248.639,     0.935
 34443.478, 60500.000,  -271.769,     0.321
 42632.298, 60500.000,  -274.660,     0.927
 10036.025, 60500.000,  -213.946,     0.835
 12580.124, 60500.000,  -199.490,     0.963
 51377.640, 60500.000,  -286.224,     0.894
 56227.329, 60500.000,  -306.463,     0.167
 59486.957, 60500.000,  -303.571,     0.802
 22438.509, 60500.000,  -234.184,     0.879
 14170.186, 60500.000,  -231.293,     0.914
 11387.578, 60500.000,  -196.599,     0.637
 10195.031, 60500.000,  -190.816,     0.882
 10036.025, 60500.000,  -193.707,     0.628
 14806.211, 60500.000,  -196.599,     0.931
 30150.311, 60500.000,  -268.878,     0.941
 12341.615, 60500.000,  -199.490,     0.662
 18383.851, 60500.000,  -245.748,     0.892
 13375.155, 60500.000,  -219.728,     0.456
 38021.118, 60500.000,  -286.224,     0.933
 41121.739, 60500.000,  -289.116,     0.341
 17111.801, 60500.000,  -219.728,     0.628
 56863.354, 60500.000,  -283.333,     0.505
 37623.602, 60500.000,  -271.769,     0.532
 59645.963, 60500.000,  -306.463,     0.567
 46289.441, 60500.000,  -286.224,     0.878
 17429.814, 60500.000,  -231.293,     0.718
 11546.584, 60500.000,  -216.837,     0.617
 39213.665, 60500.000,  -274.660,     0.890
 52252.174, 60500.000,  -286.224,     0.954
 11626.087, 60500.000,  -196.599,     0.630
 17827.329, 60500.000,  -213.946,     0.530
 35874.534, 60500.000,  -274.660,     0.296
 10672.050, 60500.000,  -211.054,     0.753
 60043.478, 60500.000,  -289.116,     0.376
 36113.043, 60500.000,  -292.007,     0.272
 15044.720, 60500.000,  -216.837,     0.343
 12341.615, 60500.000,  -225.510,     0.612
 54398.758, 60500.000,  -292.007,     0.930
 13216.149, 60500.000,  -202.381,     0.863
 17191.304, 60500.000,  -231.293,     0.742
 28719.255, 60500.000,  -274.660,     0.278
 18383.851, 60500.000,  -254.422,     0.214
 28162.733, 60500.000,  -263.095,     0.530
 21404.969, 60500.000,  -254.422,     0.867
 60520.497, 60500.000,  -297.789,     0.625
 25300.621, 60500.000,  -260.204,     0.134
 10354.037, 60500.000,  -185.034,     0.810
 43427.329, 60500.000,  -286.224,     0.910
 11864.596, 60500.000,  -211.054,     0.839
 18542.857, 60500.000,  -239.966,     0.545
 55670.807, 60500.000,  -306.463,     0.174
 33966.460, 60500.000,  -268.878,     0.352
 13216.149, 60500.000,  -239.966,     0.196
 40565.217, 60500.000,  -283.333,     0.927
 27844.720, 60500.000,  -268.878,     0.913
 27606.211, 60500.000,  -263.095,     0.782
 19258.385, 60500.000,  -254.422,     0.285
 13772.671, 60500.000,  -231.293,     0.857
 12500.621, 60500.000,  -228.401,     0.789
 17429.814, 60500.000,  -237.075,     0.867
 22359.006, 60500.000,  -228.401,     0.338
 31819.876, 60500.000,  -277.551,     0.848
 57817.391, 60500.000,  -294.898,     0.817
 15521.739, 60500.000,  -208.163,     0.571
 19417.391, 60500.000,  -222.619,     0.747
 23074.534, 60500.000,  -251.531,     0.889
 27685.714, 60500.000,  -263.095,     0.784
 59645.963, 60500.000,  -300.680,     0.893
 50741.615, 60500.000,  -289.116,     0.886
 15601.242, 60500.000,  -202.381,     0.914
 54796.273, 60500.000,  -289.116,     0.933
 59884.472, 60500.000,  -297.789,     0.767
 24187.578, 60500.000,  -242.857,     0.855
 59327.950, 60500.000,  -309.354,     0.532
 26731.677, 60500.000,  -263.095,     0.788
 57896.894, 60500.000,  -303.571,     0.889
 18383.851, 60500.000,  -231.293,     0.597
 12023.602, 60500.000,  -193.707,     0.609
 60202.484, 60500.000,  -294.898,     0.427
 13852.174, 60500.000,  -234.184,     0.906
 12500.621, 60500.000,  -202.381,     0.910
 59407.453, 60500.000,  -303.571,     0.746
 49549.068, 60500.000,  -280.442,     0.812
 17668.323, 60500.000,  -231.293,     0.795
 11705.590, 60500.000,  -208.163,     0.890
 13136.646, 60500.000,  -202.381,     0.851
 13931.677, 60500.000,  -196.599,     0.820
 59327.950, 60500.000,  -286.224,     0.493
 29832.298, 60500.000,  -271.769,     0.902
 51934.161, 60500.000,  -280.442,     0.933
 51854.658, 60500.000,  -289.116,     0.937
 10274.534, 60500.000,  -185.034,     0.884
 20212.422, 60500.000,  -245.748,     0.751
 12182.609, 60500.000,  -222.619,     0.480
 42950.311, 60500.000,  -274.660,     0.930
 27367.702, 60500.000,  -268.878,     0.937
 47084.472, 60500.000,  -280.442,     0.815
 10831.056, 60500.000,  -239.966,     0.536
 52888.199, 60500.000,  -289.116,     0.960
 12023.602, 60500.000,  -231.293,     0.750
 32137.888, 60500.000,  -277.551,     0.911
 17350.311, 60500.000,  -228.401,     0.750
 41121.739, 60500.000,  -280.442,     0.804
 32853.416, 60500.000,  -271.769,     0.624
  9400.000, 60500.000,  -213.946,     0.835
 11228.571, 60500.000,  -228.401,     0.385
 51854.658, 60500.000,  -274.660,     0.149
 12500.621, 60500.000,  -187.925,     0.385
 47004.969, 60500.000,  -277.551,     0.615
 29355.280, 60500.000,  -263.095,     0.468
 52172.671, 60500.000,  -292.007,     0.874
 12262.112, 60500.000,  -208.163,     0.763
 47640.994, 60500.000,  -283.333,     0.610
 15283.230, 60500.000,  -228.401,     0.833
 20768.944, 60500.000,  -254.422,     0.927
 52411.180, 60500.000,  -292.007,     0.886
 41916.770, 60500.000,  -280.442,     0.976
 32058.385, 60500.000,  -280.442,     0.278
 17509.317, 60500.000,  -208.163,     0.606
 39690.683, 60500.000,  -268.878,     0.515
 10274.534, 60500.000,  -211.054,     0.637
 12818.634, 60500.000,  -234.184,     0.817
 15760.248, 60500.000,  -196.599,     0.216
 14726.708, 60500.000,  -231.293,     0.707
 31660.870, 60500.000,  -268.878,     0.739
 11308.075, 60500.000,  -225.510,     0.379
 50423.602, 60500.000,  -286.224,     0.869
 11705.590, 60500.000,  -190.816,     0.732
 10195.031, 60500.000,  -234.184,     0.771
 38021.118, 60500.000,  -277.551,     0.906
 28639.752, 60500.000,  -257.313,     0.372
 34681.988, 60500.000,  -283.333,     0.945
 40883.230, 60500.000,  -286.224,     0.973
 13931.677, 60500.000,  -234.184,     0.919
 20927.950, 60500.000,  -248.639,     0.826
 25062.112, 60500.000,  -242.857,     0.391
 13534.161, 60500.000,  -208.163,     0.699
 26970.186, 60500.000,  -257.313,     0.644
 30388.820, 60500.000,  -260.204,     0.393
 59168.944, 60500.000,  -294.898,     0.616
 37226.087, 60500.000,  -277.551,     0.670
 22200.000, 60500.000,  -248.639,     0.964
 10433.540, 60500.000,  -225.510,     0.578
 58850.932, 60500.000,  -286.224,     0.722
 37782.609, 60500.000,  -280.442,     0.765
 14249.689, 60500.000,  -211.054,     0.441
 16237.267, 60500.000,  -202.381,     0.494
 18622.360, 60500.000,  -213.946,     0.756
 60520.497, 60500.000,  -306.463,     0.893
 60043.478, 60500.000,  -312.245,     0.501
 44142.857, 60500.000,  -274.660,     0.789
 30388.820, 60500.000,  -268.878,     0.809
 34363.975, 60500.000,  -274.660,     0.529
 16714.286, 60500.000,  -211.054,     0.477
 27924.224, 60500.000,  -271.769,     0.929
 19496.894, 60500.000,  -228.401,     0.720
 55352.795, 60500.000,  -292.007,     0.708
 27447.205, 60500.000,  -274.660,     0.301
 19496.894, 60500.000,  -216.837,     0.649
 44699.379, 60500.000,  -283.333,     0.979
 36272.050, 60500.000,  -286.224,     0.954
 41678.261, 60500.000,  -283.333,     0.949
 11228.571, 60500.000,  -213.946,     0.897
 59884.472, 60500.000,  -286.224,     0.285
 42314.286, 60500.000,  -280.442,     0.963
 31501.863, 60500.000,  -263.095,     0.509
 32694.410, 60500.000,  -280.442,     0.253
 17588.820, 60500.000,  -205.272,     0.420
 17032.298, 60500.000,  -245.748,     0.561
 42075.776, 60500.000,  -271.769,     0.911
 17509.317, 60500.000,  -202.381,     0.301
 36113.043, 60500.000,  -283.333,     0.799
 19894.410, 60500.000,  -251.531,     0.809
 25380.124, 60500.000,  -260.204,     0.274
 41439.752, 60500.000,  -283.333,     0.949
 17747.826, 60500.000,  -237.075,     0.866
 60520.497, 60500.000,  -309.354,     0.822
 28003.727, 60500.000,  -263.095,     0.510
 14885.714, 60500.000,  -225.510,     0.688
 49946.584, 60500.000,  -280.442,     0.935
 17668.323, 60500.000,  -242.857,     0.871
 56545.342, 60500.000,  -280.442,     0.356
 26175.155, 60500.000,  -254.422,     0.954
 56227.329, 60500.000,  -300.680,     0.533
 53285.714, 60500.000,  -294.898,     0.479
 11069.565, 60500.000,  -196.599,     0.698
 10274.534, 60500.000,  -234.184,     0.745
 18622.360, 60500.000,  -242.857,     0.705
 11228.571, 60500.000,  -245.748,     0.138
 12739.130, 60500.000,  -211.054,     0.542
 17588.820, 60500.000,  -216.837,     0.503
 18224.845, 60500.000,  -216.837,     0.820
 31263.354, 60500.000,  -260.204,     0.403
 51854.658, 60500.000,  -292.007,     0.282
 44540.373, 60500.000,  -280.442,     0.866
 11228.571, 60500.000,  -208.163,     0.974
 19576.398, 60500.000,  -242.857,     0.875
 13216.149, 60500.000,  -205.272,     0.844
 48754.037, 60500.000,  -280.442,     0.664
 16714.286, 60500.000,  -208.163,     0.438
 42473.292, 60500.000,  -289.116,     0.879
 35636.025, 60500.000,  -274.660,     0.236
 11705.590, 60500.000,  -242.857,     0.128
 11626.087, 60500.000,  -231.293,     0.627
 24982.609, 60500.000,  -245.748,     0.961
 25459.627, 60500.000,  -248.639,     0.520
 37226.087, 60500.000,  -286.224,     0.863
 16078.261, 60500.000,  -245.748,     0.073
 25062.112, 60500.000,  -254.422,     0.956
 33171.429, 60500.000,  -274.660,     0.708
 18860.870, 60500.000,  -254.422,     0.183
 21325.466, 60500.000,  -245.748,     0.798
 25698.137, 60500.000,  -251.531,     0.973
 16396.273, 60500.000,  -216.837,     0.760
 21961.491, 60500.000,  -239.966,     0.883
 15919.255, 60500.000,  -202.381,     0.650
 49628.571, 60500.000,  -289.116,     0.784
 12977.640, 60500.000,  -196.599,     0.948
 56227.329, 60500.000,  -280.442,     0.560
 41678.261, 60500.000,  -274.660,     0.918
 55034.783, 60500.000,  -292.007,     0.947
 56147.826, 60500.000,  -306.463,     0.217
 19417.391, 60500.000,  -251.531,     0.761
 34125.466, 60500.000,  -268.878,     0.387
 10195.031, 60500.000,  -237.075,     0.866
 16396.273, 60500.000,  -231.293,     0.659
 39452.174, 60500.000,  -271.769,     0.612
 50821.118, 60500.000,  -292.007,     0.278
 36590.062, 60500.000,  -289.116,     0.282
 19576.398, 60500.000,  -216.837,     0.607
 11785.093, 60500.000,  -219.728,     0.448
 45653.416, 60500.000,  -277.551,     0.655
 14965.217, 60500.000,  -222.619,     0.409
 32137.888, 60500.000,  -280.442,     0.281
 18701.863, 60500.000,  -237.075,     0.531
 57658.385, 60500.000,  -306.463,     0.147
 18383.851, 60500.000,  -213.946,     0.880
 17429.814, 60500.000,  -239.966,     0.934
 15760.248, 60500.000,  -225.510,     0.673
 12659.627, 60500.000,  -208.163,     0.675
 34363.975, 60500.000,  -271.769,     0.350
 43745.342, 60500.000,  -280.442,     0.957
 29275.776, 60500.000,  -274.660,     0.319
 53126.708, 60500.000,  -283.333,     0.737
 31422.360, 60500.000,  -265.986,     0.550
 10354.037, 60500.000,  -208.163,     0.650
 10831.056, 60500.000,  -182.143,     0.395
 15839.752, 60500.000,  -208.163,     0.503
 16237.267, 60500.000,  -205.272,     0.506
 11149.068, 60500.000,  -225.510,     0.274
  9718.012, 60500.000,  -202.381,     0.812
 11546.584, 60500.000,  -185.034,     0.261
 43506.832, 60500.000,  -277.551,     0.882
 10036.025, 60500.000,  -228.401,     0.734
 41598.758, 60500.000,  -289.116,     0.859
 17588.820, 60500.000,  -213.946,     0.544
 17429.814, 60500.000,  -242.857,     0.849
 11944.099, 60500.000,  -190.816,     0.715
 11864.596, 60500.000,  -231.293,     0.670
 56068.323, 60500.000,  -294.898,     0.910
 12739.130, 60500.000,  -187.925,     0.439
 19258.385, 60500.000,  -237.075,     0.933
 42393.789, 60500.000,  -280.442,     0.945
 32217.391, 60500.000,  -274.660,     0.954
 21563.975, 60500.000,  -248.639,     0.825
 50105.590, 60500.000,  -292.007,     0.294
 12898.137, 60500.000,  -231.293,     0.907
 10433.540, 60500.000,  -242.857,     0.491
 40485.714, 60500.000,  -283.333,     0.961
 23392.547, 60500.000,  -234.184,     0.557
 53444.720, 60500.000,  -289.116,     0.945
 53206.211, 60500.000,  -286.224,     0.930
 37305.590, 60500.000,  -286.224,     0.831
 55352.795, 60500.000,  -300.680,     0.626
 27844.720, 60500.000,  -265.986,     0.770
 37385.093, 60500.000,  -286.224,     0.775
 39849.689, 60500.000,  -286.224,     0.301
 20609.938, 60500.000,  -237.075,     0.950
 15680.745, 60500.000,  -237.075,     0.473
 59804.969, 60500.000,  -303.571,     0.647
 47481.988, 60500.000,  -286.224,     0.709
 17986.335, 60500.000,  -228.401,     0.592
 16475.776, 60500.000,  -228.401,     0.718
 27526.708, 60500.000,  -274.660,     0.298
 20212.422, 60500.000,  -225.510,     0.671
 12262.112, 60500.000,  -211.054,     0.678
 18463.354, 60500.000,  -228.401,     0.702
 32217.391, 60500.000,  -277.551,     0.940
 46289.441, 60500.000,  -280.442,     0.875
 36272.050, 60500.000,  -283.333,     0.870
 18304.348, 60500.000,  -222.619,     0.824
 56624.845, 60500.000,  -303.571,     0.513
 42473.292, 60500.000,  -268.878,     0.600
 10513.043, 60500.000,  -190.816,     0.936
 10433.540, 60500.000,  -205.272,     0.822
 53603.727, 60500.000,  -289.116,     0.772
 22756.522, 60500.000,  -254.422,     0.327
 54875.776, 60500.000,  -289.116,     0.953
 44063.354, 60500.000,  -286.224,     0.272
 20450.932, 60500.000,  -234.184,     0.966
 13454.658, 60500.000,  -231.293,     0.892
 20371.429, 60500.000,  -234.184,     0.961
 12421.118, 60500.000,  -237.075,     0.612
 12421.118, 60500.000,  -234.184,     0.841
 14249.689, 60500.000,  -237.075,     0.803
 20291.925, 60500.000,  -251.531,     0.897
 18145.342, 60500.000,  -251.531,     0.209
 36590.062, 60500.000,  -274.660,     0.576
 31263.354, 60500.000,  -268.878,     0.699
 21802.484, 60500.000,  -239.966,     0.953
 35318.012, 60500.000,  -280.442,     0.633
 35079.503, 60500.000,  -289.116,     0.268
 19178.882, 60500.000,  -251.531,     0.813
 39134.161, 60500.000,  -280.442,     0.925
 11308.075, 60500.000,  -237.075,     0.603
 47720.497, 60500.000,  -292.007,     0.239
 47084.472, 60500.000,  -283.333,     0.718
 33489.441, 60500.000,  -265.986,     0.237
 49310.559, 60500.000,  -292.007,     0.848
 16475.776, 60500.000,  -216.837,     0.750
 18383.851, 60500.000,  -239.966,     0.710
 56783.851, 60500.000,  -292.007,     0.906
 34840.994, 60500.000,  -277.551,     0.571
 13613.665, 60500.000,  -190.816,     0.377
 17191.304, 60500.000,  -234.184,     0.734
 13852.174, 60500.000,  -205.272,     0.702
 12421.118, 60500.000,  -187.925,     0.433
 34284.472, 60500.000,  -280.442,     0.770
 38498.137, 60500.000,  -283.333,     0.976
 23631.056, 60500.000,  -245.748,     0.952
 59804.969, 60500.000,  -292.007,     0.465
 31104.348, 60500.000,  -263.095,     0.524
 21007.453, 60500.000,  -254.422,     0.903
 57817.391, 60500.000,  -286.224,     0.702
 26095.652, 60500.000,  -260.204,     0.933
 11149.068, 60500.000,  -187.925,     0.555
 17668.323, 60500.000,  -208.163,     0.623
 56863.354, 60500.000,  -303.571,     0.597
 17986.335, 60500.000,  -211.054,     0.543
 18463.354, 60500.000,  -231.293,     0.604
 39372.671, 60500.000,  -271.769,     0.592
 29037.267, 60500.000,  -271.769,     0.892
 38498.137, 60500.000,  -274.660,     0.814
 28083.230, 60500.000,  -254.422,     0.395
 10433.540, 60500.000,  -211.054,     0.645
 59248.447, 60500.000,  -286.224,     0.519
 20450.932, 60500.000,  -219.728,     0.401
 55193.789, 60500.000,  -289.116,     0.827
 34761.491, 60500.000,  -277.551,     0.539
 30388.820, 60500.000,  -274.660,     0.318
 21881.988, 60500.000,  -231.293,     0.895
 56942.857, 60500.000,  -280.442,     0.330
 36033.540, 60500.000,  -277.551,     0.526
 12182.609, 60500.000,  -219.728,     0.485
 13454.658, 60500.000,  -239.966,     0.226
 10990.062, 60500.000,  -213.946,     0.863
 15521.739, 60500.000,  -219.728,     0.378
 30547.826, 60500.000,  -260.204,     0.342
 49946.584, 60500.000,  -292.007,     0.533
  9718.012, 60500.000,  -228.401,     0.788
 31501.863, 60500.000,  -277.551,     0.305
 39770.186, 60500.000,  -286.224,     0.302
 13772.671, 60500.000,  -237.075,     0.722
 15044.720, 60500.000,  -237.075,     0.508
 50264.596, 60500.000,  -274.660,     0.584
 16157.764, 60500.000,  -225.510,     0.516
 56863.354, 60500.000,  -294.898,     0.791
 48992.547, 60500.000,  -294.898,     0.294
 37226.087, 60500.000,  -271.769,     0.476
 34204.969, 60500.000,  -271.769,     0.519
 26970.186, 60500.000,  -254.422,     0.220
 20053.416, 60500.000,  -231.293,     0.930
 12739.130, 60500.000,  -219.728,     0.486
 27606.211, 60500.000,  -268.878,     0.906
 15839.752, 60500.000,  -202.381,     0.673
 16157.764, 60500.000,  -239.966,     0.614
 48515.528, 60500.000,  -292.007,     0.941
 53921.739, 60500.000,  -300.680,     0.194
 17509.317, 60500.000,  -211.054,     0.537
 51457.143, 60500.000,  -277.551,     0.851
 28321.739, 60500.000,  -254.422,     0.114
 10036.025, 60500.000,  -182.143,     0.522
 58532.919, 60500.000,  -303.571,     0.795
 49310.559, 60500.000,  -280.442,     0.886
 12500.621, 60500.000,  -222.619,     0.460
 55114.286, 60500.000,  -289.116,     0.825
 10354.037, 60500.000,  -222.619,     0.707
 18701.863, 60500.000,  -254.422,     0.180
 32058.385, 60500.000,  -274.660,     0.937
 57896.894, 60500.000,  -283.333,     0.800
 37782.609, 60500.000,  -283.333,     0.807
 10592.547, 60500.000,  -237.075,     0.816
 50423.602, 60500.000,  -283.333,     0.902
 21643.478, 60500.000,  -231.293,     0.702
  9956.522, 60500.000,  -196.599,     0.697
 18145.342, 60500.000,  -231.293,     0.525
 60520.497, 60500.000,  -300.680,     0.785
 19337.888, 60500.000,  -239.966,     0.836
 11864.596, 60500.000,  -228.401,     0.474
 12500.621, 60500.000,  -219.728,     0.425
 53603.727, 60500.000,  -294.898,     0.670
 26572.671, 60500.000,  -260.204,     0.882
 54637.267, 60500.000,  -286.224,     0.859
 18860.870, 60500.000,  -251.531,     0.609
 41757.764, 60500.000,  -274.660,     0.816
 38657.143, 60500.000,  -286.224,     0.274
 14249.689, 60500.000,  -196.599,     0.969
 39929.193, 60500.000,  -277.551,     0.933
 53285.714, 60500.000,  -286.224,     0.914
 22597.516, 60500.000,  -231.293,     0.634
 10990.062, 60500.000,  -242.857,     0.422
 21961.491, 60500.000,  -245.748,     0.942
 19814.907, 60500.000,  -248.639,     0.907
 34363.975, 60500.000,  -286.224,     0.303
 30865.839, 60500.000,  -268.878,     0.663
 50821.118, 60500.000,  -289.116,     0.918
 16793.789, 60500.000,  -208.163,     0.411
 29196.273, 60500.000,  -268.878,     0.727
 10910.559, 60500.000,  -182.143,     0.503
 10195.031, 60500.000,  -242.857,     0.360
 50264.596, 60500.000,  -283.333,     0.959
 14567.702, 60500.000,  -225.510,     0.855
 13057.143, 60500.000,  -187.925,     0.278
  9877.019, 60500.000,  -239.966,     0.363
 29832.298, 60500.000,  -268.878,     0.887
 10115.528, 60500.000,  -182.143,     0.522
 10751.553, 60500.000,  -202.381,     0.642
 19178.882, 60500.000,  -254.422,     0.271
 55034.783, 60500.000,  -303.571,     0.144
  9797.516, 60500.000,  -228.401,     0.795
 48277.019, 60500.000,  -286.224,     0.902
 26334.161, 60500.000,  -263.095,     0.980
 60361.491, 60500.000,  -306.463,     0.657
 19655.901, 60500.000,  -225.510,     0.793
 20848.447, 60500.000,  -231.293,     0.969
 11705.590, 60500.000,  -213.946,     0.775
 53206.211, 60500.000,  -289.116,     0.862
  9400.000, 60500.000,  -219.728,     0.831
 10672.050, 60500.000,  -225.510,     0.493
 28798.758, 60500.000,  -257.313,     0.466
 24426.087, 60500.000,  -251.531,     0.898
 54080.745, 60500.000,  -289.116,     0.848
 54955.280, 60500.000,  -294.898,     0.798
 12898.137, 60500.000,  -219.728,     0.437
 42791.304, 60500.000,  -274.660,     0.861
 21961.491, 60500.000,  -228.401,     0.544
 19735.404, 60500.000,  -251.531,     0.818
 29673.292, 60500.000,  -271.769,     0.914
 36033.540, 60500.000,  -283.333,     0.789
 19178.882, 60500.000,  -245.748,     0.890
 10990.062, 60500.000,  -205.272,     0.881
 21563.975, 60500.000,  -242.857,     0.906
 14885.714, 60500.000,  -196.599,     0.855
 13931.677, 60500.000,  -228.401,     0.578
 13454.658, 60500.000,  -193.707,     0.797
 54796.273, 60500.000,  -286.224,     0.795
 43665.839, 60500.000,  -268.878,     0.549
 45176.398, 60500.000,  -286.224,     0.303
 46209.938, 60500.000,  -292.007,     0.301
 42711.801, 60500.000,  -289.116,     0.567
 12103.106, 60500.000,  -205.272,     0.824
 49549.068, 60500.000,  -286.224,     0.955
 14408.696, 60500.000,  -199.490,     0.945
 35874.534, 60500.000,  -277.551,     0.468
 13534.161, 60500.000,  -228.401,     0.742
 22200.000, 60500.000,  -237.075,     0.927
 12659.627, 60500.000,  -228.401,     0.847
 19894.410, 60500.000,  -225.510,     0.695
  9877.019, 60500.000,  -216.837,     0.855
 44858.385, 60500.000,  -274.660,     0.879
 42632.298, 60500.000,  -283.333,     0.890
 50105.590, 60500.000,  -286.224,     0.949
 58930.435, 60500.000,  -303.571,     0.793
 54478.261, 60500.000,  -289.116,     0.965
 11546.584, 60500.000,  -219.728,     0.493
 24426.087, 60500.000,  -248.639,     0.912
 31342.857, 60500.000,  -265.986,     0.591
 55988.820, 60500.000,  -300.680,     0.554
 45017.391, 60500.000,  -283.333,     0.903
 12580.124, 60500.000,  -216.837,     0.510
 10910.559, 60500.000,  -237.075,     0.706
 55114.286, 60500.000,  -300.680,     0.540
 15760.248, 60500.000,  -199.490,     0.612
 42632.298, 60500.000,  -277.551,     0.919
 58453.416, 60500.000,  -283.333,     0.662
 51536.646, 60500.000,  -283.333,     0.827
 13613.665, 60500.000,  -196.599,     0.867
 46766.460, 60500.000,  -280.442,     0.981
 49946.584, 60500.000,  -294.898,     0.110
 15044.720, 60500.000,  -231.293,     0.719
 15124.224, 60500.000,  -193.707,     0.082
 45732.919, 60500.000,  -286.224,     0.930
 17509.317, 60500.000,  -228.401,     0.640
 48992.547, 60500.000,  -289.116,     0.933
 54239.752, 60500.000,  -294.898,     0.665
 48436.025, 60500.000,  -286.224,     0.950
 35159.006, 60500.000,  -277.551,     0.619
 43347.826, 60500.000,  -268.878,     0.647
 42950.311, 60500.000,  -286.224,     0.902
 50423.602, 60500.000,  -292.007,     0.276
 52967.702, 60500.000,  -286.224,     0.949
 18304.348, 60500.000,  -231.293,     0.616
 34045.963, 60500.000,  -280.442,     0.810
 43506.832, 60500.000,  -289.116,     0.278
 26731.677, 60500.000,  -260.204,     0.696
 10354.037, 60500.000,  -216.837,     0.577
 55750.311, 60500.000,  -294.898,     0.857
  9956.522, 60500.000,  -211.054,     0.851
 24505.590, 60500.000,  -248.639,     0.856
 20291.925, 60500.000,  -234.184,     0.957
 27367.702, 60500.000,  -257.313,     0.433
 10990.062, 60500.000,  -193.707,     0.671
 46448.447, 60500.000,  -280.442,     0.979
 10831.056, 60500.000,  -237.075,     0.763
 16873.292, 60500.000,  -234.184,     0.752
 59168.944, 60500.000,  -312.245,     0.139
 16873.292, 60500.000,  -202.381,     0.244
 13613.665, 60500.000,  -211.054,     0.600
 24346.584, 60500.000,  -242.857,     0.910
 27367.702, 60500.000,  -271.769,     0.910
 30706.832, 60500.000,  -263.095,     0.553
 40326.708, 60500.000,  -268.878,     0.555
 53365.217, 60500.000,  -280.442,     0.506
 18383.851, 60500.000,  -228.401,     0.690
 11546.584, 60500.000,  -205.272,     0.866
 50821.118, 60500.000,  -286.224,     0.898
 26016.149, 60500.000,  -251.531,     0.621
 58850.932, 60500.000,  -294.898,     0.855
 32773.913, 60500.000,  -265.986,     0.420
 50662.112, 60500.000,  -277.551,     0.969
 14249.689, 60500.000,  -199.490,     0.986
 20530.435, 60500.000,  -239.966,     0.968
 45891.925, 60500.000,  -289.116,     0.259
 50344.099, 60500.000,  -286.224,     0.961
 14329.193, 60500.000,  -202.381,     0.937
 25857.143, 60500.000,  -263.095,     0.302
 24585.093, 60500.000,  -245.748,     0.787
 10990.062, 60500.000,  -245.748,     0.435
 44381.366, 60500.000,  -280.442,     0.923
 32376.398, 60500.000,  -260.204,     0.443
  9559.006, 60500.000,  -193.707,     0.821
 12421.118, 60500.000,  -219.728,     0.432
 18463.354, 60500.000,  -211.054,     0.611
 14965.217, 60500.000,  -219.728,     0.312
 20768.944, 60500.000,  -222.619,     0.760
 17509.317, 60500.000,  -205.272,     0.603
 24744.099, 60500.000,  -248.639,     0.885
 37385.093, 60500.000,  -289.116,     0.253
 56227.329, 60500.000,  -292.007,     0.933
 40644.720, 60500.000,  -268.878,     0.495
 53365.217, 60500.000,  -286.224,     0.906
 19655.901, 60500.000,  -254.422,     0.258
 47959.006, 60500.000,  -292.007,     0.250
 59884.472, 60500.000,  -309.354,     0.489
 27685.714, 60500.000,  -254.422,     0.004
 16952.795, 60500.000,  -239.966,     0.906
 15760.248, 60500.000,  -234.184,     0.651
 59407.453, 60500.000,  -306.463,     0.621
 15919.255, 60500.000,  -208.163,     0.513
 16952.795, 60500.000,  -208.163,     0.394
 14567.702, 60500.000,  -231.293,     0.856
 18065.839, 60500.000,  -242.857,     0.915
 21086.957, 60500.000,  -248.639,     0.961
 10592.547, 60500.000,  -211.054,     0.722
 11864.596, 60500.000,  -205.272,     0.769
 19178.882, 60500.000,  -211.054,     0.329
 26890.683, 60500.000,  -271.769,     0.314
 17350.311, 60500.000,  -242.857,     0.786
 60600.000, 60500.000,  -306.463,     0.924
 47322.981, 60500.000,  -280.442,     0.832
 30786.335, 60500.000,  -271.769,     0.940
 16555.280, 60500.000,  -208.163,     0.506
 16793.789, 60500.000,  -213.946,     0.488
 16714.286, 60500.000,  -222.619,     0.785
 55511.801, 60500.000,  -297.789,     0.647
 40644.720, 60500.000,  -277.551,     0.948
 60202.484, 60500.000,  -309.354,     0.470
 38895.652, 60500.000,  -283.333,     0.863
 58691.925, 60500.000,  -286.224,     0.647
 21007.453, 60500.000,  -257.313,     0.310
 26254.658, 60500.000,  -251.531,     0.533
 27367.702, 60500.000,  -274.660,     0.294
 21007.453, 60500.000,  -251.531,     0.935
 18065.839, 60500.000,  -222.619,     0.581
 22836.025, 60500.000,  -239.966,     0.904
 52252.174, 60500.000,  -280.442,     0.631
 17191.304, 60500.000,  -228.401,     0.780
 16714.286, 60500.000,  -228.401,     0.727
 34045.963, 60500.000,  -277.551,     0.606
 58135.404, 60500.000,  -286.224,     0.541
 31581.366, 60500.000,  -277.551,     0.299
 17270.807, 60500.000,  -237.075,     0.804
 21245.963, 60500.000,  -242.857,     0.950
 13216.149, 60500.000,  -231.293,     0.874
 57101.863, 60500.000,  -283.333,     0.543
 36749.068, 60500.000,  -286.224,     0.906
 29037.267, 60500.000,  -265.986,     0.513
 44460.870, 60500.000,  -277.551,     0.926
 16555.280, 60500.000,  -205.272,     0.481
 57976.398, 60500.000,  -286.224,     0.790
 30706.832, 60500.000,  -268.878,     0.754
 42870.807, 60500.000,  -268.878,     0.561
 46209.938, 60500.000,  -289.116,     0.975
 43506.832, 60500.000,  -286.224,     0.918
 10672.050, 60500.000,  -196.599,     0.737
 49787.578, 60500.000,  -289.116,     0.938
 42314.286, 60500.000,  -286.224,     0.871
 13057.143, 60500.000,  -199.490,     0.942
 28321.739, 60500.000,  -265.986,     0.780
 50821.118, 60500.000,  -277.551,     0.910
 10433.540, 60500.000,  -187.925,     0.934
 23869.565, 60500.000,  -237.075,     0.530
 15839.752, 60500.000,  -237.075,     0.568
 43665.839, 60500.000,  -271.769,     0.847
 12182.609, 60500.000,  -213.946,     0.663
 18145.342, 60500.000,  -228.401,     0.537
 38816.149, 60500.000,  -283.333,     0.894
 53444.720, 60500.000,  -294.898,     0.930
 18940.373, 60500.000,  -239.966,     0.507
 41121.739, 60500.000,  -286.224,     0.953
 13136.646, 60500.000,  -213.946,     0.510
 36749.068, 60500.000,  -289.116,     0.282
 58850.932, 60500.000,  -297.789,     0.953
 14329.193, 60500.000,  -199.490,     0.971
 20212.422, 60500.000,  -251.531,     0.882
 10831.056, 60500.000,  -213.946,     0.835
 34761.491, 60500.000,  -283.333,     0.921
 14408.696, 60500.000,  -228.401,     0.798
 36828.571, 60500.000,  -289.116,     0.289
 50185.093, 60500.000,  -277.551,     0.878
 10115.528, 60500.000,  -239.966,     0.772
 45891.925, 60500.000,  -280.442,     0.831
 44540.373, 60500.000,  -283.333,     0.947
 51854.658, 60500.000,  -280.442,     0.894
 16316.770, 60500.000,  -228.401,     0.531
 10115.528, 60500.000,  -234.184,     0.783
 44778.882, 60500.000,  -286.224,     0.307
 56068.323, 60500.000,  -300.680,     0.656
 59963.975, 60500.000,  -306.463,     0.478
 41757.764, 60500.000,  -283.333,     0.906
 59327.950, 60500.000,  -289.116,     0.502
 14488.199, 60500.000,  -228.401,     0.921
 11944.099, 60500.000,  -228.401,     0.563
 14726.708, 60500.000,  -225.510,     0.780
 14090.683, 60500.000,  -216.837,     0.489
 41837.267, 60500.000,  -283.333,     0.942
 12341.615, 60500.000,  -193.707,     0.774
 38100.621, 60500.000,  -286.224,     0.918
 19576.398, 60500.000,  -225.510,     0.836
 52967.702, 60500.000,  -283.333,     0.959
 16078.261, 60500.000,  -228.401,     0.576
 13295.652, 60500.000,  -231.293,     0.875
 56783.851, 60500.000,  -280.442,     0.328
 11387.578, 60500.000,  -211.054,     0.906
 38259.627, 60500.000,  -280.442,     0.851
 21086.957, 60500.000,  -222.619,     0.664
 17350.311, 60500.000,  -239.966,     0.917
 28162.733, 60500.000,  -254.422,     0.394
 31978.882, 60500.000,  -265.986,     0.508
 58214.907, 60500.000,  -303.571,     0.696
 10592.547, 60500.000,  -225.510,     0.453
 37544.099, 60500.000,  -289.116,     0.259
 57340.373, 60500.000,  -306.463,     0.169
 12341.615, 60500.000,  -239.966,     0.196
 53683.230, 60500.000,  -297.789,     0.301
 14090.683, 60500.000,  -222.619,     0.641
 55909.317, 60500.000,  -289.116,     0.706
 19178.882, 60500.000,  -239.966,     0.853
 23631.056, 60500.000,  -254.422,     0.342
 41916.770, 60500.000,  -268.878,     0.401
 53524.224, 60500.000,  -280.442,     0.635
  9479.503, 60500.000,  -179.252,     0.447
 12580.124, 60500.000,  -190.816,     0.769
 13931.677, 60500.000,  -202.381,     0.744
 32455.901, 60500.000,  -280.442,     0.273
 24823.602, 60500.000,  -245.748,     0.855
 20053.416, 60500.000,  -228.401,     0.814
 17270.807, 60500.000,  -245.748,     0.622
 31978.882, 60500.000,  -263.095,     0.491
 17270.807, 60500.000,  -208.163,     0.505
 37226.087, 60500.000,  -280.442,     0.702
 12103.106, 60500.000,  -202.381,     0.682
 41201.242, 60500.000,  -268.878,     0.545
 45414.907, 60500.000,  -277.551,     0.941
 23074.534, 60500.000,  -237.075,     0.926
 41519.255, 60500.000,  -274.660,     0.941
 30468.323, 60500.000,  -274.660,     0.361
 20053.416, 60500.000,  -254.422,     0.314
 59645.963, 60500.000,  -297.789,     0.929
 48754.037, 60500.000,  -292.007,     0.917
 10990.062, 60500.000,  -237.075,     0.675
 22279.503, 60500.000,  -248.639,     0.950
 17032.298, 60500.000,  -231.293,     0.831
 39849.689, 60500.000,  -283.333,     0.970
 13454.658, 60500.000,  -219.728,     0.448
 41360.248, 60500.000,  -274.660,     0.863
 19258.385, 60500.000,  -228.401,     0.784
 16396.273, 60500.000,  -225.510,     0.557
 16952.795, 60500.000,  -231.293,     0.827
 34840.994, 60500.000,  -274.660,     0.343
 18463.354, 60500.000,  -254.422,     0.190
 28957.764, 60500.000,  -268.878,     0.683
 50105.590, 60500.000,  -274.660,     0.569
 17906.832, 60500.000,  -237.075,     0.824
 40803.727, 60500.000,  -283.333,     0.957
 10672.050, 60500.000,  -239.966,     0.506
 27606.211, 60500.000,  -271.769,     0.922
 21086.957, 60500.000,  -254.422,     0.889
 58294.410, 60500.000,  -286.224,     0.510
 10036.025, 60500.000,  -205.272,     0.778
 13057.143, 60500.000,  -205.272,     0.800
 15998.758, 60500.000,  -222.619,     0.429
 59884.472, 60500.000,  -306.463,     0.507
 52808.696, 60500.000,  -283.333,     0.886
 10195.031, 60500.000,  -219.728,     0.875
 43745.342, 60500.000,  -286.224,     0.299
 53206.211, 60500.000,  -292.007,     0.675
 26493.168, 60500.000,  -260.204,     0.941
 28401.242, 60500.000,  -260.204,     0.493
 17350.311, 60500.000,  -202.381,     0.392
 59327.950, 60500.000,  -306.463,     0.575
 17270.807, 60500.000,  -239.966,     0.919
 40962.733, 60500.000,  -289.116,     0.303
 16475.776, 60500.000,  -205.272,     0.503
 18860.870, 60500.000,  -225.510,     0.849
 46607.453, 60500.000,  -280.442,     0.964
 53444.720, 60500.000,  -286.224,     0.911
 11705.590, 60500.000,  -196.599,     0.672
 44222.360, 60500.000,  -274.660,     0.807
 59248.447, 60500.000,  -300.680,     0.915
 28560.248, 60500.000,  -277.551,     0.034
 19735.404, 60500.000,  -219.728,     0.723
 21484.472, 60500.000,  -231.293,     0.889
 54319.255, 60500.000,  -294.898,     0.821
 59884.472, 60500.000,  -300.680,     0.875
 12977.640, 60500.000,  -199.490,     0.929
 19019.876, 60500.000,  -222.619,     0.938
 27526.708, 60500.000,  -268.878,     0.906
 15521.739, 60500.000,  -234.184,     0.558
 13057.143, 60500.000,  -225.510,     0.531
 13772.671, 60500.000,  -225.510,     0.537
 19894.410, 60500.000,  -234.184,     0.962
  9400.000, 60500.000,  -208.163,     0.816
 21802.484, 60500.000,  -225.510,     0.447
 20371.429, 60500.000,  -216.837,     0.369
 41757.764, 60500.000,  -271.769,     0.737
 17111.801, 60500.000,  -231.293,     0.812
 44937.888, 60500.000,  -280.442,     0.871
 23869.565, 60500.000,  -245.748,     0.926
 25300.621, 60500.000,  -257.313,     0.546
 20132.919, 60500.000,  -228.401,     0.813
 40406.211, 60500.000,  -274.660,     0.851
 19019.876, 60500.000,  -211.054,     0.379
 52649.689, 60500.000,  -289.116,     0.976
 48913.043, 60500.000,  -283.333,     0.971
 40406.211, 60500.000,  -280.442,     0.929
 15124.224, 60500.000,  -222.619,     0.460
 44222.360, 60500.000,  -277.551,     0.938
 58612.422, 60500.000,  -286.224,     0.668
 31660.870, 60500.000,  -260.204,     0.323
 45494.410, 60500.000,  -289.116,     0.130
 12659.627, 60500.000,  -222.619,     0.559
 11944.099, 60500.000,  -213.946,     0.741
 41201.242, 60500.000,  -277.551,     0.825
 52013.665, 60500.000,  -286.224,     0.953
 52729.193, 60500.000,  -286.224,     0.922
 54160.248, 60500.000,  -289.116,     0.884
 17747.826, 60500.000,  -248.639,     0.462
 54875.776, 60500.000,  -283.333,     0.524
 46209.938, 60500.000,  -280.442,     0.886
 46527.950, 60500.000,  -277.551,     0.975
 34522.981, 60500.000,  -280.442,     0.736
 43188.820, 60500.000,  -274.660,     0.962
 10433.540, 60500.000,  -228.401,     0.593
 52411.180, 60500.000,  -294.898,     0.259
 59566.460, 60500.000,  -283.333,     0.335
 31024.845, 60500.000,  -268.878,     0.659
 12262.112, 60500.000,  -202.381,     0.689
 14488.199, 60500.000,  -196.599,     0.951
 56783.851, 60500.000,  -289.116,     0.849
 19258.385, 60500.000,  -213.946,     0.590
 32137.888, 60500.000,  -265.986,     0.568
 46925.466, 60500.000,  -292.007,     0.275
 56704.348, 60500.000,  -294.898,     0.726
 31660.870, 60500.000,  -271.769,     0.925
 20689.441, 60500.000,  -242.857,     0.944
 10910.559, 60500.000,  -202.381,     0.739
 43029.814, 60500.000,  -274.660,     0.960
 21245.963, 60500.000,  -245.748,     0.898
 19178.882, 60500.000,  -248.639,     0.917
 11626.087, 60500.000,  -190.816,     0.614
 29355.280, 60500.000,  -268.878,     0.793
 48515.528, 60500.000,  -289.116,     0.898
 40088.199, 60500.000,  -277.551,     0.940
 58373.913, 60500.000,  -306.463,     0.639
 16316.770, 60500.000,  -213.946,     0.689
 17032.298, 60500.000,  -208.163,     0.406
 14965.217, 60500.000,  -205.272,     0.857
 20768.944, 60500.000,  -248.639,     0.918
 48277.019, 60500.000,  -289.116,     0.934
 10910.559, 60500.000,  -219.728,     0.540
 52570.186, 60500.000,  -280.442,     0.624
 20689.441, 60500.000,  -257.313,     0.330
 31819.876, 60500.000,  -263.095,     0.445
 12262.112, 60500.000,  -237.075,     0.617
 31342.857, 60500.000,  -260.204,     0.370
 14567.702, 60500.000,  -237.075,     0.633
 39611.180, 60500.000,  -274.660,     0.898
 33091.925, 60500.000,  -268.878,     0.444
 56783.851, 60500.000,  -300.680,     0.524
 18940.373, 60500.000,  -219.728,     0.977
 15919.255, 60500.000,  -228.401,     0.705
 53921.739, 60500.000,  -292.007,     0.651
 12580.124, 60500.000,  -239.966,     0.196
 29355.280, 60500.000,  -271.769,     0.919
 25300.621, 60500.000,  -254.422,     0.849
 12580.124, 60500.000,  -193.707,     0.943
 16555.280, 60500.000,  -211.054,     0.576
 20927.950, 60500.000,  -254.422,     0.937
 33012.422, 60500.000,  -274.660,     0.901
 53683.230, 60500.000,  -289.116,     0.822
 55988.820, 60500.000,  -303.571,     0.643
 56147.826, 60500.000,  -294.898,     0.899
 15044.720, 60500.000,  -219.728,     0.356
 27844.720, 60500.000,  -274.660,     0.305
 10990.062, 60500.000,  -196.599,     0.723
 58453.416, 60500.000,  -303.571,     0.698
 14011.180, 60500.000,  -196.599,     0.898
 22279.503, 60500.000,  -228.401,     0.296
 10672.050, 60500.000,  -242.857,     0.443
 53365.217, 60500.000,  -289.116,     0.923
 48992.547, 60500.000,  -286.224,     0.943
 38418.634, 60500.000,  -280.442,     0.925
 14885.714, 60500.000,  -211.054,     0.422
 37941.615, 60500.000,  -289.116,     0.286
 13295.652, 60500.000,  -208.163,     0.784
 17668.323, 60500.000,  -228.401,     0.704
 49628.571, 60500.000,  -274.660,     0.582
 55034.783, 60500.000,  -300.680,     0.514
 46448.447, 60500.000,  -289.116,     0.973
 20609.938, 60500.000,  -251.531,     0.963
 58055.901, 60500.000,  -303.571,     0.674
 43268.323, 60500.000,  -280.442,     0.886
 20132.919, 60500.000,  -213.946,     0.016
 17986.335, 60500.000,  -208.163,     0.415
 41837.267, 60500.000,  -292.007,     0.263
 57817.391, 60500.000,  -303.571,     0.802
 57658.385, 60500.000,  -286.224,     0.525
 10115.528, 60500.000,  -216.837,     0.875
 28401.242, 60500.000,  -274.660,     0.962
 59009.938, 60500.000,  -283.333,     0.417
 42234.783, 60500.000,  -286.224,     0.812
