#X,Y,Z,attr 
 46448.447, 60500.000,   -28.912,     0.267
 32535.404, 60500.000,   -37.585,     0.922
 54239.752, 60500.000,  -112.755,     0.961
 16873.292, 60500.000,  -118.537,     0.680
 49151.553, 60500.000,   -92.517,     0.720
 23710.559, 60500.000,   -86.735,     0.706
 58373.913, 60500.000,   -89.626,     0.645
 57976.398, 60500.000,   -69.388,     0.688
 42711.801, 60500.000,   -92.517,     0.723
 59645.963, 60500.000,   -75.170,     0.753
 46289.441, 60500.000,   -40.476,     0.890
 25459.627, 60500.000,   -72.279,     0.819
 48992.547, 60500.000,   -52.041,     0.963
 58214.907, 60500.000,   -49.150,     0.933
 48992.547, 60500.000,   -89.626,     0.609
 33886.957, 60500.000,  -127.211,     0.315
 52888.199, 60500.000,   -43.367,     0.941
 16873.292, 60500.000,   -72.279,     0.882
 22756.522, 60500.000,  -124.320,     0.659
 47004.969, 60500.000,  -109.864,     0.958
 34920.497, 60500.000,   -46.259,     0.993
 14567.702, 60500.000,   -60.714,     0.882
 52252.174, 60500.000,   -34.694,     0.902
 34840.994, 60500.000,   -54.932,     0.991
 34522.981, 60500.000,  -101.190,     0.545
 33250.932, 60500.000,   -75.170,     0.667
 50503.106, 60500.000,  -101.190,     0.967
 50980.124, 60500.000,   -95.408,     0.886
 53683.230, 60500.000,   -34.694,     0.898
 33648.447, 60500.000,   -52.041,     0.969
 19258.385, 60500.000,  -101.190,     0.810
 21722.981, 60500.000,  -106.973,     0.778
 48674.534, 60500.000,   -75.170,     0.521
 31581.366, 60500.000,  -101.190,     0.612
 25459.627, 60500.000,   -75.170,     0.754
 23869.565, 60500.000,   -72.279,     0.789
 14806.211, 60500.000,   -54.932,     0.875
 30945.342, 60500.000,   -69.388,     0.882
 58850.932, 60500.000,   -83.844,     0.666
 29832.298, 60500.000,  -101.190,     0.642
 16634.783, 60500.000,  -106.973,     0.769
 22915.528, 60500.000,  -130.102,     0.336
 52490.683, 60500.000,  -109.864,     0.610
 45573.913, 60500.000,   -75.170,     0.602
 28639.752, 60500.000,   -40.476,     0.945
 57578.882, 60500.000,  -106.973,     0.774
 51298.137, 60500.000,   -72.279,     0.519
 16714.286, 60500.000,   -34.694,     0.282
 25539.130, 60500.000,   -52.041,     0.991
 14965.217, 60500.000,  -109.864,     0.750
 41996.273, 60500.000,   -75.170,     0.637
 50741.615, 60500.000,   -28.912,     0.271
 39213.665, 60500.000,  -118.537,     0.525
 49072.050, 60500.000,   -40.476,     0.976
 26572.671, 60500.000,  -115.646,     0.804
 26254.658, 60500.000,   -63.605,     0.933
 53842.236, 60500.000,   -57.823,     0.910
 27049.689, 60500.000,   -49.150,     0.975
 20053.416, 60500.000,   -37.585,     0.929
 14329.193, 60500.000,   -46.259,     0.918
 24982.609, 60500.000,  -115.646,     0.701
 18940.373, 60500.000,  -132.993,     0.527
 55352.795, 60500.000,   -83.844,     0.779
 41439.752, 60500.000,   -31.803,     0.871
 25777.640, 60500.000,   -52.041,     0.987
 36192.547, 60500.000,   -60.714,     0.949
 51139.130, 60500.000,   -52.041,     0.910
 45494.410, 60500.000,  -112.755,     0.895
 53524.224, 60500.000,   -75.170,     0.624
 30388.820, 60500.000,   -66.497,     0.922
 55591.304, 60500.000,   -98.299,     0.631
 16555.280, 60500.000,   -66.497,     0.859
 10036.025, 60500.000,  -109.864,     0.827
 39134.161, 60500.000,   -86.735,     0.557
 14488.199, 60500.000,   -80.952,     0.797
 49310.559, 60500.000,   -92.517,     0.714
 60440.994, 60500.000,   -66.497,     0.633
 54796.273, 60500.000,   -80.952,     0.724
 48992.547, 60500.000,   -31.803,     0.886
 35715.528, 60500.000,   -40.476,     0.937
 60281.988, 60500.000,   -31.803,     0.278
 38736.646, 60500.000,   -54.932,     0.976
 19973.913, 60500.000,   -89.626,     0.715
 45891.925, 60500.000,   -92.517,     0.831
 49708.075, 60500.000,   -52.041,     0.894
 23154.037, 60500.000,  -109.864,     0.758
 40485.714, 60500.000,   -28.912,     0.271
 47879.503, 60500.000,   -89.626,     0.572
 14806.211, 60500.000,  -101.190,     0.863
 49390.062, 60500.000,   -54.932,     0.902
 32535.404, 60500.000,  -115.646,     0.851
 21325.466, 60500.000,   -92.517,     0.781
 47561.491, 60500.000,  -101.190,     0.902
 47879.503, 60500.000,   -49.150,     0.989
 24426.087, 60500.000,  -106.973,     0.588
 37544.099, 60500.000,  -118.537,     0.746
 20132.919, 60500.000,  -121.429,     0.501
 12500.621, 60500.000,   -40.476,     0.890
 27606.211, 60500.000,  -106.973,     0.788
 22518.012, 60500.000,   -34.694,     0.290
 16634.783, 60500.000,   -46.259,     0.898
 59566.460, 60500.000,  -101.190,     0.851
 51059.627, 60500.000,   -52.041,     0.910
 16078.261, 60500.000,  -118.537,     0.784
 13375.155, 60500.000,  -118.537,     0.760
 53285.714, 60500.000,   -34.694,     0.922
 39929.193, 60500.000,   -69.388,     0.699
 17270.807, 60500.000,   -78.061,     0.851
 17429.814, 60500.000,  -101.190,     0.863
 37623.602, 60500.000,   -40.476,     0.957
 43109.317, 60500.000,   -83.844,     0.647
  9956.522, 60500.000,   -49.150,     0.820
 20689.441, 60500.000,   -72.279,     0.855
 48356.522, 60500.000,   -80.952,     0.616
 34443.478, 60500.000,   -86.735,     0.609
 14806.211, 60500.000,   -89.626,     0.816
 42791.304, 60500.000,   -49.150,     0.959
 32376.398, 60500.000,  -118.537,     0.942
 26890.683, 60500.000,  -112.755,     0.785
 46845.963, 60500.000,   -72.279,     0.572
 12023.602, 60500.000,  -115.646,     0.816
 58930.435, 60500.000,   -69.388,     0.722
 28401.242, 60500.000,  -115.646,     0.785
 45573.913, 60500.000,   -52.041,     0.910
 22120.497, 60500.000,  -101.190,     0.711
 49231.056, 60500.000,   -98.299,     0.839
 27844.720, 60500.000,  -124.320,     0.841
 23392.547, 60500.000,   -54.932,     0.966
 59009.938, 60500.000,  -101.190,     0.662
 25062.112, 60500.000,   -37.585,     0.906
 31024.845, 60500.000,  -106.973,     0.655
 33171.429, 60500.000,   -46.259,     0.977
 34840.994, 60500.000,   -34.694,     0.294
 44778.882, 60500.000,   -86.735,     0.687
 37146.584, 60500.000,   -89.626,     0.643
 34840.994, 60500.000,   -75.170,     0.692
 59248.447, 60500.000,   -40.476,     0.953
 10831.056, 60500.000,  -118.537,     0.630
 53285.714, 60500.000,   -83.844,     0.521
 30468.323, 60500.000,   -75.170,     0.839
 34363.975, 60500.000,  -104.082,     0.553
 52093.168, 60500.000,  -101.190,     0.951
 19735.404, 60500.000,  -106.973,     0.762
 16952.795, 60500.000,   -89.626,     0.839
 37464.596, 60500.000,  -101.190,     0.616
 37544.099, 60500.000,   -72.279,     0.742
 51218.634, 60500.000,  -115.646,     0.327
 58850.932, 60500.000,   -46.259,     0.906
 16793.789, 60500.000,  -112.755,     0.729
 24108.075, 60500.000,   -37.585,     0.910
 47163.975, 60500.000,   -83.844,     0.612
 37385.093, 60500.000,   -31.803,     0.278
 33886.957, 60500.000,   -60.714,     0.968
 31024.845, 60500.000,  -127.211,     0.312
 50105.590, 60500.000,   -83.844,     0.600
 60520.497, 60500.000,   -43.367,     0.974
 14329.193, 60500.000,   -98.299,     0.878
 35874.534, 60500.000,  -121.429,     0.488
 22200.000, 60500.000,   -52.041,     0.945
 48992.547, 60500.000,   -57.823,     0.977
 49151.553, 60500.000,   -63.605,     0.799
 21086.957, 60500.000,  -104.082,     0.793
 29275.776, 60500.000,   -40.476,     0.957
 11228.571, 60500.000,   -40.476,     0.863
 17111.801, 60500.000,   -95.408,     0.851
 42870.807, 60500.000,   -60.714,     0.886
 32853.416, 60500.000,  -101.190,     0.544
 14170.186, 60500.000,   -60.714,     0.867
 18145.342, 60500.000,  -121.429,     0.953
 17270.807, 60500.000,   -40.476,     0.902
 37305.590, 60500.000,   -34.694,     0.698
 47322.981, 60500.000,   -60.714,     0.826
 12659.627, 60500.000,   -60.714,     0.824
 41280.745, 60500.000,   -31.803,     0.875
 27129.193, 60500.000,  -106.973,     0.640
 60122.981, 60500.000,   -46.259,     0.961
 22677.019, 60500.000,   -34.694,     0.290
 46050.932, 60500.000,   -95.408,     0.839
 38736.646, 60500.000,   -78.061,     0.542
 15521.739, 60500.000,   -40.476,     0.898
 14408.696, 60500.000,   -54.932,     0.894
 31422.360, 60500.000,   -98.299,     0.609
 56863.354, 60500.000,  -118.537,     0.931
 23392.547, 60500.000,  -104.082,     0.701
 21086.957, 60500.000,   -43.367,     0.929
 36351.553, 60500.000,   -52.041,     0.945
 56068.323, 60500.000,   -57.823,     0.831
 25777.640, 60500.000,   -60.714,     0.980
 48515.528, 60500.000,   -40.476,     0.968
 34602.484, 60500.000,   -57.823,     0.985
 41996.273, 60500.000,   -54.932,     0.957
 45096.894, 60500.000,   -40.476,     0.914
 38021.118, 60500.000,   -63.605,     0.898
 37305.590, 60500.000,  -121.429,     0.741
 23472.050, 60500.000,   -49.150,     0.984
 34681.988, 60500.000,   -95.408,     0.529
 13931.677, 60500.000,  -118.537,     0.867
 24823.602, 60500.000,   -69.388,     0.875
 49708.075, 60500.000,   -37.585,     0.906
 41042.236, 60500.000,   -57.823,     0.925
 46209.938, 60500.000,   -66.497,     0.748
 34363.975, 60500.000,   -98.299,     0.557
 38736.646, 60500.000,  -118.537,     0.698
 45653.416, 60500.000,   -95.408,     0.827
 20291.925, 60500.000,   -89.626,     0.753
 54955.280, 60500.000,   -31.803,     0.275
 59168.944, 60500.000,   -57.823,     0.811
 52331.677, 60500.000,   -86.735,     0.647
 42393.789, 60500.000,   -57.823,     0.898
 45017.391, 60500.000,  -112.755,     0.852
 36431.056, 60500.000,   -83.844,     0.685
 19417.391, 60500.000,  -106.973,     0.754
 29355.280, 60500.000,   -95.408,     0.566
 37544.099, 60500.000,   -66.497,     0.878
 47402.484, 60500.000,   -83.844,     0.562
 25300.621, 60500.000,   -66.497,     0.898
 39849.689, 60500.000,   -80.952,     0.517
 23631.056, 60500.000,   -80.952,     0.685
 37941.615, 60500.000,   -92.517,     0.623
 44222.360, 60500.000,   -80.952,     0.631
 16078.261, 60500.000,   -52.041,     0.863
 38577.640, 60500.000,   -40.476,     0.941
 60520.497, 60500.000,   -75.170,     0.765
 54478.261, 60500.000,   -43.367,     0.929
 14965.217, 60500.000,   -57.823,     0.882
 19576.398, 60500.000,   -92.517,     0.831
 31978.882, 60500.000,   -80.952,     0.512
 44619.876, 60500.000,  -104.082,     0.958
 55988.820, 60500.000,   -80.952,     0.734
 31978.882, 60500.000,   -78.061,     0.538
 32296.894, 60500.000,   -54.932,     0.980
 16873.292, 60500.000,  -121.429,     0.708
 58850.932, 60500.000,  -104.082,     0.814
 59168.944, 60500.000,   -60.714,     0.753
 28719.255, 60500.000,   -40.476,     0.937
 45971.429, 60500.000,   -37.585,     0.902
 24108.075, 60500.000,   -57.823,     0.973
 52729.193, 60500.000,   -98.299,     0.964
 38736.646, 60500.000,   -95.408,     0.655
 29196.273, 60500.000,  -124.320,     0.764
 11467.081, 60500.000,   -72.279,     0.867
 20132.919, 60500.000,   -57.823,     0.933
 57101.863, 60500.000,   -60.714,     0.782
 59327.950, 60500.000,  -115.646,     0.808
 16237.267, 60500.000,   -49.150,     0.886
 36987.578, 60500.000,   -34.694,     0.290
 12580.124, 60500.000,  -112.755,     0.693
 19099.379, 60500.000,  -109.864,     0.678
 40247.205, 60500.000,   -95.408,     0.689
 15044.720, 60500.000,   -78.061,     0.851
 51616.149, 60500.000,   -63.605,     0.631
 53206.211, 60500.000,  -115.646,     0.540
 26890.683, 60500.000,   -34.694,     0.286
 53365.217, 60500.000,   -60.714,     0.878
 29355.280, 60500.000,   -52.041,     0.960
 42552.795, 60500.000,   -52.041,     0.965
 41996.273, 60500.000,   -95.408,     0.692
 59645.963, 60500.000,  -101.190,     0.843
 36987.578, 60500.000,   -98.299,     0.661
 24744.099, 60500.000,  -118.537,     0.682
 15203.727, 60500.000,  -130.102,     0.729
 17827.329, 60500.000,   -78.061,     0.782
 25698.137, 60500.000,  -104.082,     0.664
 47402.484, 60500.000,   -40.476,     0.937
 12341.615, 60500.000,   -72.279,     0.855
 41360.248, 60500.000,   -83.844,     0.586
 35477.019, 60500.000,   -78.061,     0.623
 15521.739, 60500.000,   -57.823,     0.851
 34284.472, 60500.000,   -66.497,     0.933
 17668.323, 60500.000,  -124.320,     0.835
 24903.106, 60500.000,   -89.626,     0.619
 54557.764, 60500.000,  -112.755,     0.946
 45732.919, 60500.000,   -63.605,     0.753
 19496.894, 60500.000,  -130.102,     0.616
 32217.391, 60500.000,  -124.320,     0.803
 30865.839, 60500.000,   -46.259,     0.941
 43109.317, 60500.000,   -31.803,     0.875
 32376.398, 60500.000,   -86.735,     0.591
 26811.180, 60500.000,   -75.170,     0.694
 41916.770, 60500.000,   -69.388,     0.727
 52490.683, 60500.000,   -34.694,     0.910
 48833.540, 60500.000,   -37.585,     0.937
 60202.484, 60500.000,   -98.299,     0.732
 21086.957, 60500.000,  -112.755,     0.720
 28560.248, 60500.000,   -86.735,     0.555
 32773.913, 60500.000,  -115.646,     0.808
 22518.012, 60500.000,  -121.429,     0.543
 18542.857, 60500.000,  -132.993,     0.585
 48992.547, 60500.000,  -104.082,     0.859
 45494.410, 60500.000,   -40.476,     0.906
 18622.360, 60500.000,   -60.714,     0.890
 52172.671, 60500.000,   -28.912,     0.271
 56068.323, 60500.000,  -115.646,     0.977
 24267.081, 60500.000,   -46.259,     0.991
 36431.056, 60500.000,  -101.190,     0.581
 46209.938, 60500.000,   -98.299,     0.851
 36033.540, 60500.000,   -66.497,     0.894
 25062.112, 60500.000,  -115.646,     0.682
 40088.199, 60500.000,   -34.694,     0.898
 45971.429, 60500.000,   -28.912,     0.267
 37623.602, 60500.000,   -89.626,     0.621
 18542.857, 60500.000,   -75.170,     0.831
 29832.298, 60500.000,   -46.259,     0.953
 25857.143, 60500.000,   -52.041,     0.994
 49628.571, 60500.000,   -37.585,     0.906
 30468.323, 60500.000,   -60.714,     0.984
 35477.019, 60500.000,  -101.190,     0.569
 34125.466, 60500.000,  -115.646,     0.859
 13931.677, 60500.000,   -72.279,     0.878
 14726.708, 60500.000,   -52.041,     0.871
 22438.509, 60500.000,   -75.170,     0.812
 10990.062, 60500.000,   -43.367,     0.855
 26652.174, 60500.000,   -86.735,     0.563
 49469.565, 60500.000,  -104.082,     0.966
 19417.391, 60500.000,   -98.299,     0.843
 31819.876, 60500.000,  -109.864,     0.714
 29514.286, 60500.000,   -37.585,     0.914
 49072.050, 60500.000,   -86.735,     0.593
 60520.497, 60500.000,   -66.497,     0.656
 35238.509, 60500.000,   -34.694,     0.286
 14249.689, 60500.000,   -69.388,     0.867
 15919.255, 60500.000,   -78.061,     0.863
 41837.267, 60500.000,   -28.912,     0.267
 23154.037, 60500.000,   -86.735,     0.643
 13295.652, 60500.000,  -127.211,     0.867
 22597.516, 60500.000,   -37.585,     0.910
 52331.677, 60500.000,   -43.367,     0.988
 49310.559, 60500.000,   -75.170,     0.607
 25936.646, 60500.000,  -106.973,     0.626
 22995.031, 60500.000,  -124.320,     0.720
 34681.988, 60500.000,  -101.190,     0.505
 20530.435, 60500.000,   -66.497,     0.890
 22677.019, 60500.000,   -78.061,     0.753
 32773.913, 60500.000,  -121.429,     0.673
 12103.106, 60500.000,   -69.388,     0.839
 23392.547, 60500.000,   -40.476,     0.937
 58532.919, 60500.000,   -40.476,     0.945
 54001.242, 60500.000,   -40.476,     0.933
 37226.087, 60500.000,  -109.864,     0.886
 28560.248, 60500.000,   -95.408,     0.647
 48277.019, 60500.000,   -43.367,     0.937
 38498.137, 60500.000,   -69.388,     0.758
 28639.752, 60500.000,  -109.864,     0.725
 58612.422, 60500.000,   -83.844,     0.723
 47084.472, 60500.000,   -66.497,     0.659
 11467.081, 60500.000,   -89.626,     0.890
 42155.280, 60500.000,   -37.585,     0.918
 21802.484, 60500.000,   -37.585,     0.902
 42711.801, 60500.000,  -104.082,     0.937
 54875.776, 60500.000,  -115.646,     0.766
 22438.509, 60500.000,   -57.823,     0.933
 14249.689, 60500.000,  -112.755,     0.774
 27447.205, 60500.000,   -57.823,     0.953
 12818.634, 60500.000,  -124.320,     0.774
 60281.988, 60500.000,   -98.299,     0.670
 54001.242, 60500.000,  -112.755,     0.955
 30150.311, 60500.000,   -52.041,     0.969
 42075.776, 60500.000,   -40.476,     0.941
 21961.491, 60500.000,   -60.714,     0.945
 55273.292, 60500.000,   -89.626,     0.675
 34840.994, 60500.000,   -89.626,     0.630
 48038.509, 60500.000,   -69.388,     0.723
 10195.031, 60500.000,  -141.667,     0.451
 60361.491, 60500.000,   -54.932,     0.898
 37782.609, 60500.000,   -80.952,     0.574
 12341.615, 60500.000,   -98.299,     0.949
 25777.640, 60500.000,   -86.735,     0.640
 49469.565, 60500.000,   -46.259,     0.953
 29832.298, 60500.000,   -83.844,     0.588
 58691.925, 60500.000,   -49.150,     0.882
 54001.242, 60500.000,  -118.537,     0.539
 50741.615, 60500.000,  -101.190,     0.953
 15919.255, 60500.000,   -75.170,     0.867
 42155.280, 60500.000,   -63.605,     0.808
 38180.124, 60500.000,   -72.279,     0.739
 15442.236, 60500.000,  -135.884,     0.333
 11467.081, 60500.000,  -115.646,     0.662
 52888.199, 60500.000,   -92.517,     0.798
 35238.509, 60500.000,  -121.429,     0.767
 42155.280, 60500.000,   -92.517,     0.711
 33330.435, 60500.000,   -52.041,     0.961
 45414.907, 60500.000,   -75.170,     0.650
 20450.932, 60500.000,  -124.320,     0.638
 12182.609, 60500.000,  -121.429,     0.851
 48515.528, 60500.000,   -83.844,     0.546
 53921.739, 60500.000,   -43.367,     0.945
 59963.975, 60500.000,   -57.823,     0.824
 34761.491, 60500.000,   -83.844,     0.562
 54080.745, 60500.000,   -89.626,     0.550
 14011.180, 60500.000,  -130.102,     0.785
 27049.689, 60500.000,   -78.061,     0.647
 14567.702, 60500.000,  -106.973,     0.748
 46130.435, 60500.000,   -69.388,     0.699
 58373.913, 60500.000,   -60.714,     0.772
 43347.826, 60500.000,   -52.041,     0.976
 21007.453, 60500.000,  -124.320,     0.711
 55511.801, 60500.000,   -52.041,     0.855
 47800.000, 60500.000,   -98.299,     0.748
 43983.851, 60500.000,   -72.279,     0.583
 14806.211, 60500.000,   -37.585,     0.886
 49151.553, 60500.000,   -40.476,     0.945
 53762.733, 60500.000,  -112.755,     0.949
 13931.677, 60500.000,   -52.041,     0.863
 46527.950, 60500.000,   -83.844,     0.649
 57499.379, 60500.000,  -106.973,     0.715
 56068.323, 60500.000,  -104.082,     0.757
 51536.646, 60500.000,  -101.190,     0.927
 33568.944, 60500.000,   -72.279,     0.838
 22836.025, 60500.000,  -104.082,     0.690
 22359.006, 60500.000,   -40.476,     0.933
 32058.385, 60500.000,   -69.388,     0.845
 48515.528, 60500.000,  -115.646,     0.936
 34920.497, 60500.000,   -43.367,     0.984
 10433.540, 60500.000,   -49.150,     0.820
 16237.267, 60500.000,   -37.585,     0.890
 16316.770, 60500.000,   -49.150,     0.898
 28957.764, 60500.000,  -127.211,     0.373
 36272.050, 60500.000,   -69.388,     0.922
 23472.050, 60500.000,   -54.932,     0.988
 33409.938, 60500.000,   -52.041,     0.953
 32376.398, 60500.000,   -54.932,     0.980
 48515.528, 60500.000,   -54.932,     0.965
 17827.329, 60500.000,  -124.320,     0.910
 34443.478, 60500.000,  -127.211,     0.276
 12739.130, 60500.000,   -57.823,     0.851
 54398.758, 60500.000,   -80.952,     0.610
 20927.950, 60500.000,  -127.211,     0.609
 14090.683, 60500.000,  -112.755,     0.818
 56624.845, 60500.000,   -40.476,     0.945
 13375.155, 60500.000,   -72.279,     0.851
 42632.298, 60500.000,   -28.912,     0.271
 48277.019, 60500.000,  -104.082,     0.867
 29434.783, 60500.000,  -121.429,     0.730
 58612.422, 60500.000,  -101.190,     0.758
 54398.758, 60500.000,  -101.190,     0.701
 24028.571, 60500.000,   -37.585,     0.914
 23869.565, 60500.000,   -57.823,     0.961
 20371.429, 60500.000,  -132.993,     0.533
 41042.236, 60500.000,   -49.150,     0.957
 40326.708, 60500.000,   -92.517,     0.616
 38975.155, 60500.000,   -98.299,     0.643
 29275.776, 60500.000,   -49.150,     0.979
 17588.820, 60500.000,   -72.279,     0.847
 13136.646, 60500.000,   -43.367,     0.894
 28401.242, 60500.000,  -101.190,     0.590
 55193.789, 60500.000,   -78.061,     0.742
 26811.180, 60500.000,   -92.517,     0.785
 19178.882, 60500.000,  -130.102,     0.711
 31581.366, 60500.000,   -52.041,     0.992
 48833.540, 60500.000,   -83.844,     0.547
 49072.050, 60500.000,  -118.537,     0.506
 55273.292, 60500.000,   -72.279,     0.801
 44540.373, 60500.000,   -43.367,     0.941
 15044.720, 60500.000,   -75.170,     0.875
 59009.938, 60500.000,  -109.864,     0.795
 24108.075, 60500.000,   -92.517,     0.751
 41916.770, 60500.000,   -63.605,     0.886
 59407.453, 60500.000,   -31.803,     0.282
 11546.584, 60500.000,   -83.844,     0.882
 32853.416, 60500.000,  -109.864,     0.720
 14170.186, 60500.000,  -109.864,     0.785
 14011.180, 60500.000,   -69.388,     0.867
 40485.714, 60500.000,   -72.279,     0.571
 33330.435, 60500.000,   -40.476,     0.922
 24187.578, 60500.000,  -127.211,     0.272
 36272.050, 60500.000,  -112.755,     0.666
 21722.981, 60500.000,   -49.150,     0.937
 56306.832, 60500.000,  -118.537,     0.822
 53206.211, 60500.000,  -104.082,     0.890
 57022.360, 60500.000,   -66.497,     0.750
 18145.342, 60500.000,   -46.259,     0.914
 27844.720, 60500.000,   -37.585,     0.933
 23074.534, 60500.000,   -57.823,     0.945
 48754.037, 60500.000,  -109.864,     0.966
 18145.342, 60500.000,   -92.517,     0.805
 14726.708, 60500.000,   -83.844,     0.812
 51059.627, 60500.000,   -31.803,     0.882
 23233.540, 60500.000,  -121.429,     0.609
 35954.037, 60500.000,   -49.150,     0.984
 31501.863, 60500.000,   -75.170,     0.625
 17986.335, 60500.000,   -54.932,     0.890
 11785.093, 60500.000,   -98.299,     0.957
 60361.491, 60500.000,  -118.537,     0.929
 13772.671, 60500.000,  -135.884,     0.358
 14885.714, 60500.000,   -98.299,     0.859
 29911.801, 60500.000,   -49.150,     0.957
 47879.503, 60500.000,  -115.646,     0.933
 25698.137, 60500.000,   -40.476,     0.929
 42950.311, 60500.000,  -106.973,     0.929
 15998.758, 60500.000,   -34.694,     0.282
 26175.155, 60500.000,   -69.388,     0.843
 24346.584, 60500.000,   -60.714,     0.988
 53126.708, 60500.000,  -104.082,     0.925
 52570.186, 60500.000,   -43.367,     0.945
 44778.882, 60500.000,  -118.537,     0.542
 55988.820, 60500.000,   -31.803,     0.275
 37862.112, 60500.000,   -54.932,     0.980
 50582.609, 60500.000,  -109.864,     0.798
 19973.913, 60500.000,   -37.585,     0.933
 10036.025, 60500.000,  -115.646,     0.734
 44937.888, 60500.000,   -31.803,     0.867
 50582.609, 60500.000,   -37.585,     0.933
 13295.652, 60500.000,   -75.170,     0.863
 11546.584, 60500.000,   -86.735,     0.886
 43506.832, 60500.000,   -28.912,     0.267
 43506.832, 60500.000,   -43.367,     0.961
 14647.205, 60500.000,   -63.605,     0.867
 33250.932, 60500.000,   -86.735,     0.535
 57817.391, 60500.000,  -106.973,     0.871
  9479.503, 60500.000,   -46.259,     0.839
 28560.248, 60500.000,  -121.429,     0.757
 13057.143, 60500.000,   -37.585,     0.290
 55829.814, 60500.000,   -49.150,     0.863
 47481.988, 60500.000,  -104.082,     0.971
 32296.894, 60500.000,   -63.605,     0.937
 36272.050, 60500.000,  -109.864,     0.645
 18701.863, 60500.000,   -69.388,     0.882
 39531.677, 60500.000,   -98.299,     0.805
 17509.317, 60500.000,   -95.408,     0.843
 27367.702, 60500.000,  -124.320,     0.803
 11069.565, 60500.000,  -101.190,     0.976
 49390.062, 60500.000,   -28.912,     0.271
 48674.534, 60500.000,   -37.585,     0.953
 32932.919, 60500.000,   -89.626,     0.557
 16634.783, 60500.000,   -78.061,     0.847
 56147.826, 60500.000,   -89.626,     0.723
 46050.932, 60500.000,  -118.537,     0.524
 23233.540, 60500.000,   -60.714,     0.918
 29355.280, 60500.000,   -43.367,     0.982
 36510.559, 60500.000,   -78.061,     0.659
 55352.795, 60500.000,   -69.388,     0.820
 21643.478, 60500.000,  -109.864,     0.690
 34681.988, 60500.000,   -54.932,     0.995
 12898.137, 60500.000,   -43.367,     0.914
 25618.634, 60500.000,   -34.694,     0.290
 17191.304, 60500.000,  -130.102,     0.602
 31978.882, 60500.000,   -52.041,     0.970
 45335.404, 60500.000,   -83.844,     0.730
 39213.665, 60500.000,   -31.803,     0.278
 37941.615, 60500.000,   -69.388,     0.773
 16237.267, 60500.000,   -75.170,     0.878
 20132.919, 60500.000,   -43.367,     0.941
 29752.795, 60500.000,   -78.061,     0.576
 13852.174, 60500.000,   -72.279,     0.867
 12341.615, 60500.000,  -104.082,     0.890
 32058.385, 60500.000,   -49.150,     0.973
 32932.919, 60500.000,   -75.170,     0.631
 15680.745, 60500.000,   -43.367,     0.886
 34602.484, 60500.000,   -98.299,     0.549
 41201.242, 60500.000,   -57.823,     0.941
 56147.826, 60500.000,   -83.844,     0.720
 55193.789, 60500.000,   -57.823,     0.863
 10592.547, 60500.000,  -112.755,     0.815
 17032.298, 60500.000,   -52.041,     0.894
 14090.683, 60500.000,   -40.476,     0.886
 40883.230, 60500.000,   -69.388,     0.661
 16316.770, 60500.000,   -98.299,     0.804
 17191.304, 60500.000,  -109.864,     0.739
 22359.006, 60500.000,   -49.150,     0.957
 11069.565, 60500.000,   -86.735,     0.898
 12977.640, 60500.000,   -98.299,     0.929
 20530.435, 60500.000,   -46.259,     0.949
 21404.969, 60500.000,   -57.823,     0.925
 46766.460, 60500.000,  -118.537,     0.443
 50026.087, 60500.000,   -66.497,     0.567
 48595.031, 60500.000,   -34.694,     0.918
 41280.745, 60500.000,  -109.864,     0.939
 18701.863, 60500.000,   -80.952,     0.781
 17906.832, 60500.000,  -115.646,     0.805
 46527.950, 60500.000,   -43.367,     0.918
 35397.516, 60500.000,   -66.497,     0.898
  9400.000, 60500.000,  -135.884,     0.812
 42473.292, 60500.000,   -83.844,     0.654
 12659.627, 60500.000,   -98.299,     0.922
 34840.994, 60500.000,   -95.408,     0.612
 31183.851, 60500.000,   -78.061,     0.627
 25539.130, 60500.000,   -92.517,     0.686
 10672.050, 60500.000,   -95.408,     0.863
 57896.894, 60500.000,   -86.735,     0.741
 32773.913, 60500.000,   -37.585,     0.953
 56306.832, 60500.000,   -78.061,     0.682
 52093.168, 60500.000,   -31.803,     0.871
 36192.547, 60500.000,   -57.823,     0.941
 26493.168, 60500.000,   -92.517,     0.772
 33409.938, 60500.000,   -46.259,     0.937
 49946.584, 60500.000,  -101.190,     0.932
 56068.323, 60500.000,   -37.585,     0.882
 39372.671, 60500.000,   -92.517,     0.637
 29593.789, 60500.000,  -104.082,     0.644
 29275.776, 60500.000,   -83.844,     0.519
 15044.720, 60500.000,   -43.367,     0.894
 35000.000, 60500.000,   -69.388,     0.886
 46289.441, 60500.000,   -66.497,     0.758
 20927.950, 60500.000,   -54.932,     0.910
 55829.814, 60500.000,   -78.061,     0.839
  9479.503, 60500.000,   -80.952,     0.847
 18622.360, 60500.000,   -57.823,     0.875
 27049.689, 60500.000,   -86.735,     0.647
 32058.385, 60500.000,  -127.211,     0.383
 12262.112, 60500.000,   -75.170,     0.863
 55591.304, 60500.000,   -89.626,     0.727
 12977.640, 60500.000,   -60.714,     0.855
 14011.180, 60500.000,   -52.041,     0.851
 52967.702, 60500.000,  -101.190,     0.969
 48595.031, 60500.000,  -104.082,     0.834
 43586.335, 60500.000,   -46.259,     0.969
 48913.043, 60500.000,  -101.190,     0.832
 25141.615, 60500.000,  -101.190,     0.707
 27924.224, 60500.000,  -127.211,     0.451
 11387.578, 60500.000,  -132.993,     0.875
 30468.323, 60500.000,   -34.694,     0.278
 47879.503, 60500.000,   -37.585,     0.941
 19894.410, 60500.000,   -89.626,     0.701
 18940.373, 60500.000,  -130.102,     0.659
 52331.677, 60500.000,  -106.973,     0.739
 22200.000, 60500.000,  -101.190,     0.732
 14329.193, 60500.000,   -63.605,     0.875
 10672.050, 60500.000,   -40.476,     0.278
 29196.273, 60500.000,   -57.823,     0.962
 55273.292, 60500.000,   -98.299,     0.564
 20212.422, 60500.000,   -60.714,     0.925
 45732.919, 60500.000,  -101.190,     0.971
 12818.634, 60500.000,   -95.408,     0.863
 17350.311, 60500.000,   -72.279,     0.855
 18701.863, 60500.000,  -112.755,     0.814
 30070.807, 60500.000,  -127.211,     0.359
 20609.938, 60500.000,   -63.605,     0.910
 40644.720, 60500.000,   -78.061,     0.569
 54557.764, 60500.000,   -66.497,     0.843
 16555.280, 60500.000,   -89.626,     0.769
 33807.453, 60500.000,  -112.755,     0.898
 31819.876, 60500.000,   -83.844,     0.597
 44619.876, 60500.000,   -43.367,     0.929
 55829.814, 60500.000,   -37.585,     0.898
 53444.720, 60500.000,   -63.605,     0.851
 33966.460, 60500.000,   -92.517,     0.618
 41519.255, 60500.000,   -63.605,     0.929
 27844.720, 60500.000,   -54.932,     0.958
 23154.037, 60500.000,   -46.259,     0.953
 31024.845, 60500.000,   -83.844,     0.635
 44301.863, 60500.000,   -43.367,     0.929
 14170.186, 60500.000,  -106.973,     0.800
 48277.019, 60500.000,   -52.041,     0.941
 58055.901, 60500.000,  -104.082,     0.735
 42950.311, 60500.000,   -83.844,     0.637
 32932.919, 60500.000,   -52.041,     0.977
 59248.447, 60500.000,   -75.170,     0.694
 28003.727, 60500.000,  -109.864,     0.493
 19814.907, 60500.000,  -124.320,     0.704
 43665.839, 60500.000,   -28.912,     0.271
 22756.522, 60500.000,   -78.061,     0.730
 38339.130, 60500.000,   -92.517,     0.609
 23154.037, 60500.000,  -124.320,     0.632
 40485.714, 60500.000,   -98.299,     0.759
 59725.466, 60500.000,  -118.537,     0.964
 48436.025, 60500.000,  -106.973,     0.910
 38577.640, 60500.000,  -109.864,     0.960
 16475.776, 60500.000,   -43.367,     0.910
 28242.236, 60500.000,   -83.844,     0.637
 49231.056, 60500.000,   -49.150,     0.929
 18224.845, 60500.000,   -69.388,     0.882
 26970.186, 60500.000,   -83.844,     0.642
 44778.882, 60500.000,  -115.646,     0.965
 17509.317, 60500.000,   -66.497,     0.871
 16475.776, 60500.000,   -86.735,     0.790
 38180.124, 60500.000,   -89.626,     0.670
 50026.087, 60500.000,   -28.912,     0.275
 11069.565, 60500.000,   -69.388,     0.867
 29752.795, 60500.000,  -124.320,     0.788
 29991.304, 60500.000,   -34.694,     0.290
 21722.981, 60500.000,  -132.993,     0.333
 17191.304, 60500.000,   -54.932,     0.871
 57896.894, 60500.000,  -112.755,     0.882
 56386.335, 60500.000,   -54.932,     0.859
 29991.304, 60500.000,   -54.932,     0.992
 20212.422, 60500.000,   -80.952,     0.753
 21643.478, 60500.000,  -121.429,     0.727
 55352.795, 60500.000,  -106.973,     0.572
 15124.224, 60500.000,  -121.429,     0.824
 42950.311, 60500.000,  -115.646,     0.522
 53285.714, 60500.000,   -57.823,     0.933
 38975.155, 60500.000,   -78.061,     0.526
 41280.745, 60500.000,   -52.041,     0.988
 40406.211, 60500.000,   -54.932,     0.985
 38418.634, 60500.000,   -83.844,     0.578
 28957.764, 60500.000,   -89.626,     0.637
 24982.609, 60500.000,   -57.823,     0.964
 48754.037, 60500.000,   -40.476,     0.960
 42632.298, 60500.000,   -31.803,     0.878
 39213.665, 60500.000,   -66.497,     0.842
 20291.925, 60500.000,  -124.320,     0.644
 31978.882, 60500.000,   -83.844,     0.517
 19337.888, 60500.000,  -132.993,     0.600
 23790.062, 60500.000,   -98.299,     0.701
 44460.870, 60500.000,   -60.714,     0.839
 33966.460, 60500.000,   -80.952,     0.582
 50582.609, 60500.000,   -63.605,     0.656
 50582.609, 60500.000,   -28.912,     0.275
 54796.273, 60500.000,   -66.497,     0.902
 55114.286, 60500.000,   -31.803,     0.278
 13295.652, 60500.000,   -57.823,     0.847
 10354.037, 60500.000,   -60.714,     0.839
 55591.304, 60500.000,   -86.735,     0.755
 23074.534, 60500.000,  -115.646,     0.732
 26970.186, 60500.000,  -115.646,     0.771
 14726.708, 60500.000,   -43.367,     0.910
  9718.012, 60500.000,   -83.844,     0.855
 31501.863, 60500.000,  -112.755,     0.867
  9479.503, 60500.000,   -43.367,     0.843
 19258.385, 60500.000,   -78.061,     0.809
 38498.137, 60500.000,   -52.041,     0.957
 44937.888, 60500.000,  -106.973,     0.897
  9877.019, 60500.000,   -80.952,     0.863
 13295.652, 60500.000,   -98.299,     0.875
 11864.596, 60500.000,   -40.476,     0.875
 26572.671, 60500.000,   -83.844,     0.543
 23551.553, 60500.000,   -52.041,     0.952
 52967.702, 60500.000,   -43.367,     0.949
 33966.460, 60500.000,   -83.844,     0.579
 24028.571, 60500.000,   -80.952,     0.658
 24346.584, 60500.000,   -57.823,     0.985
 26970.186, 60500.000,   -40.476,     0.937
 11864.596, 60500.000,   -89.626,     0.906
 20927.950, 60500.000,   -72.279,     0.839
 11626.087, 60500.000,  -115.646,     0.670
 22438.509, 60500.000,  -127.211,     0.521
 46289.441, 60500.000,  -106.973,     0.961
 38180.124, 60500.000,   -98.299,     0.637
  9638.509, 60500.000,  -127.211,     0.871
 59327.950, 60500.000,  -112.755,     0.769
 59645.963, 60500.000,  -115.646,     0.963
 32535.404, 60500.000,   -57.823,     0.976
 39929.193, 60500.000,   -43.367,     0.973
 56386.335, 60500.000,   -46.259,     0.941
 34204.969, 60500.000,   -69.388,     0.863
 22279.503, 60500.000,   -54.932,     0.941
 30388.820, 60500.000,   -98.299,     0.692
 36113.043, 60500.000,  -101.190,     0.642
 33886.957, 60500.000,   -40.476,     0.945
 22518.012, 60500.000,  -112.755,     0.625
 26811.180, 60500.000,   -43.367,     0.937
 36431.056, 60500.000,   -63.605,     0.969
 36669.565, 60500.000,  -106.973,     0.730
 10513.043, 60500.000,  -104.082,     0.898
 19417.391, 60500.000,  -124.320,     0.678
 34204.969, 60500.000,   -89.626,     0.603
 34125.466, 60500.000,   -89.626,     0.610
 43983.851, 60500.000,   -49.150,     0.957
 36431.056, 60500.000,  -124.320,     0.486
 59963.975, 60500.000,   -92.517,     0.642
 26334.161, 60500.000,  -127.211,     0.376
 47322.981, 60500.000,   -49.150,     0.925
 20609.938, 60500.000,   -92.517,     0.781
 39770.186, 60500.000,   -75.170,     0.520
 23551.553, 60500.000,   -89.626,     0.722
 53126.708, 60500.000,   -63.605,     0.785
 30309.317, 60500.000,  -112.755,     0.720
 44301.863, 60500.000,   -63.605,     0.809
 45414.907, 60500.000,   -72.279,     0.647
 56942.857, 60500.000,   -86.735,     0.656
 26095.652, 60500.000,   -34.694,     0.290
 29196.273, 60500.000,   -95.408,     0.633
 47322.981, 60500.000,  -109.864,     0.978
 24982.609, 60500.000,   -72.279,     0.800
 15362.733, 60500.000,   -78.061,     0.835
 27049.689, 60500.000,  -101.190,     0.704
 57022.360, 60500.000,   -92.517,     0.689
 59963.975, 60500.000,   -95.408,     0.701
 46845.963, 60500.000,   -95.408,     0.839
 27049.689, 60500.000,   -92.517,     0.716
 35079.503, 60500.000,  -106.973,     0.680
 53762.733, 60500.000,  -104.082,     0.815
 24505.590, 60500.000,   -69.388,     0.871
 58850.932, 60500.000,   -43.367,     0.910
 11308.075, 60500.000,   -37.585,     0.282
 30070.807, 60500.000,   -66.497,     0.914
 39690.683, 60500.000,   -49.150,     0.985
 55034.783, 60500.000,   -72.279,     0.784
 49628.571, 60500.000,   -57.823,     0.835
 17111.801, 60500.000,   -52.041,     0.894
 35477.019, 60500.000,  -121.429,     0.641
 20530.435, 60500.000,  -124.320,     0.607
 39293.168, 60500.000,   -57.823,     0.949
 34602.484, 60500.000,   -60.714,     0.980
 22438.509, 60500.000,  -118.537,     0.604
 41360.248, 60500.000,  -115.646,     0.533
 11705.590, 60500.000,  -135.884,     0.745
 30309.317, 60500.000,  -101.190,     0.692
 56306.832, 60500.000,   -54.932,     0.859
 40485.714, 60500.000,   -78.061,     0.538
 25300.621, 60500.000,  -124.320,     0.712
 36113.043, 60500.000,   -86.735,     0.701
 47163.975, 60500.000,   -43.367,     0.937
 13534.161, 60500.000,   -95.408,     0.922
 31581.366, 60500.000,   -86.735,     0.602
 17429.814, 60500.000,   -60.714,     0.867
 52808.696, 60500.000,   -98.299,     0.961
 12898.137, 60500.000,   -57.823,     0.863
 55352.795, 60500.000,  -112.755,     0.814
 37305.590, 60500.000,   -72.279,     0.750
 37623.602, 60500.000,   -37.585,     0.933
 14408.696, 60500.000,  -101.190,     0.859
 21404.969, 60500.000,  -127.211,     0.623
 43109.317, 60500.000,   -43.367,     0.941
 26175.155, 60500.000,  -104.082,     0.706
 37305.590, 60500.000,  -109.864,     0.820
 15601.242, 60500.000,   -46.259,     0.882
 60600.000, 60500.000,   -92.517,     0.826
 43347.826, 60500.000,   -92.517,     0.706
 37941.615, 60500.000,   -75.170,     0.619
 37464.596, 60500.000,  -112.755,     0.843
 21961.491, 60500.000,   -52.041,     0.890
 31978.882, 60500.000,  -115.646,     0.890
 46766.460, 60500.000,   -89.626,     0.675
 39611.180, 60500.000,  -112.755,     0.956
 12977.640, 60500.000,   -86.735,     0.793
 36510.559, 60500.000,   -57.823,     0.991
 60361.491, 60500.000,  -109.864,     0.847
 44619.876, 60500.000,   -86.735,     0.670
 20212.422, 60500.000,   -89.626,     0.751
 44381.366, 60500.000,   -34.694,     0.886
 39611.180, 60500.000,   -63.605,     0.855
 25380.124, 60500.000,   -37.585,     0.910
 51775.155, 60500.000,   -57.823,     0.817
 54239.752, 60500.000,  -106.973,     0.878
 30070.807, 60500.000,  -121.429,     0.742
 28162.733, 60500.000,  -101.190,     0.623
 59009.938, 60500.000,   -80.952,     0.667
 21166.460, 60500.000,  -118.537,     0.718
 49469.565, 60500.000,   -92.517,     0.723
 38498.137, 60500.000,   -54.932,     0.949
 22518.012, 60500.000,  -118.537,     0.567
 58930.435, 60500.000,   -63.605,     0.734
 47163.975, 60500.000,   -86.735,     0.650
 41042.236, 60500.000,   -69.388,     0.692
 21643.478, 60500.000,   -80.952,     0.658
 25777.640, 60500.000,   -49.150,     0.984
 17111.801, 60500.000,   -72.279,     0.855
 52649.689, 60500.000,  -115.646,     0.289
 52888.199, 60500.000,   -57.823,     0.815
 46289.441, 60500.000,   -60.714,     0.805
 14249.689, 60500.000,  -104.082,     0.797
 39531.677, 60500.000,   -31.803,     0.278
 38100.621, 60500.000,   -78.061,     0.678
 36113.043, 60500.000,   -43.367,     0.937
 31581.366, 60500.000,   -43.367,     0.957
 57340.373, 60500.000,   -46.259,     0.902
 12421.118, 60500.000,  -118.537,     0.769
 13931.677, 60500.000,   -34.694,     0.024
 12182.609, 60500.000,  -132.993,     0.799
 24664.596, 60500.000,   -52.041,     0.969
 59566.460, 60500.000,   -66.497,     0.734
 57419.876, 60500.000,   -78.061,     0.766
 21563.975, 60500.000,   -37.585,     0.922
 23631.056, 60500.000,  -112.755,     0.612
 36828.571, 60500.000,  -115.646,     0.766
 30786.335, 60500.000,   -37.585,     0.890
 30945.342, 60500.000,  -101.190,     0.662
 53603.727, 60500.000,   -83.844,     0.538
 48595.031, 60500.000,   -28.912,     0.271
 22836.025, 60500.000,   -43.367,     0.937
 18701.863, 60500.000,   -63.605,     0.918
 25459.627, 60500.000,   -49.150,     0.980
 35238.509, 60500.000,   -72.279,     0.809
 59804.969, 60500.000,   -46.259,     0.925
 21325.466, 60500.000,  -124.320,     0.586
 23631.056, 60500.000,   -52.041,     0.941
 35079.503, 60500.000,  -121.429,     0.709
 18224.845, 60500.000,   -80.952,     0.809
 59804.969, 60500.000,   -54.932,     0.851
 12580.124, 60500.000,   -63.605,     0.806
  9797.516, 60500.000,   -78.061,     0.855
 29991.304, 60500.000,  -118.537,     0.729
 53444.720, 60500.000,   -46.259,     0.933
 16952.795, 60500.000,   -57.823,     0.859
 20132.919, 60500.000,  -130.102,     0.745
 23392.547, 60500.000,  -112.755,     0.647
 40167.702, 60500.000,  -109.864,     0.976
 28878.261, 60500.000,   -43.367,     0.973
 29832.298, 60500.000,   -98.299,     0.644
 39054.658, 60500.000,  -101.190,     0.740
 15044.720, 60500.000,  -101.190,     0.789
 48118.012, 60500.000,   -95.408,     0.782
 15919.255, 60500.000,   -95.408,     0.902
 43268.323, 60500.000,  -104.082,     0.914
 36431.056, 60500.000,  -106.973,     0.588
 16396.273, 60500.000,   -43.367,     0.922
 60440.994, 60500.000,   -37.585,     0.957
 57101.863, 60500.000,   -49.150,     0.882
 38895.652, 60500.000,  -118.537,     0.556
 46845.963, 60500.000,   -40.476,     0.957
 16157.764, 60500.000,   -46.259,     0.898
 15362.733, 60500.000,   -83.844,     0.782
 11228.571, 60500.000,   -69.388,     0.871
 50344.099, 60500.000,   -78.061,     0.581
 55273.292, 60500.000,  -118.537,     0.949
 10990.062, 60500.000,   -89.626,     0.890
 16952.795, 60500.000,  -132.993,     0.522
 10910.559, 60500.000,  -101.190,     0.937
 13295.652, 60500.000,   -52.041,     0.855
 25300.621, 60500.000,   -49.150,     0.949
 44301.863, 60500.000,   -49.150,     0.937
 44937.888, 60500.000,   -60.714,     0.821
 39372.671, 60500.000,   -43.367,     0.957
 24982.609, 60500.000,   -43.367,     0.953
 18622.360, 60500.000,   -40.476,     0.890
 54796.273, 60500.000,  -115.646,     0.727
 51854.658, 60500.000,   -92.517,     0.834
 27924.224, 60500.000,  -121.429,     0.942
 35477.019, 60500.000,   -34.694,     0.290
 44778.882, 60500.000,   -72.279,     0.650
 33409.938, 60500.000,   -95.408,     0.661
 47004.969, 60500.000,   -60.714,     0.794
 56624.845, 60500.000,  -106.973,     0.789
 30865.839, 60500.000,  -115.646,     0.610
 15362.733, 60500.000,   -92.517,     0.777
 32376.398, 60500.000,   -60.714,     0.969
 47640.994, 60500.000,   -86.735,     0.597
 60122.981, 60500.000,   -75.170,     0.754
 49072.050, 60500.000,   -72.279,     0.522
 13454.658, 60500.000,   -60.714,     0.824
 41916.770, 60500.000,   -37.585,     0.922
 31978.882, 60500.000,   -86.735,     0.549
 18542.857, 60500.000,   -86.735,     0.831
 46527.950, 60500.000,   -54.932,     0.839
 53126.708, 60500.000,   -31.803,     0.737
 37146.584, 60500.000,   -78.061,     0.628
 23790.062, 60500.000,   -52.041,     0.973
 39849.689, 60500.000,   -63.605,     0.863
 31978.882, 60500.000,   -46.259,     0.989
 42393.789, 60500.000,   -72.279,     0.610
 28242.236, 60500.000,   -49.150,     0.949
 37226.087, 60500.000,   -80.952,     0.571
 59804.969, 60500.000,   -52.041,     0.882
 46209.938, 60500.000,  -101.190,     0.882
 24585.093, 60500.000,  -118.537,     0.729
 42314.286, 60500.000,  -109.864,     0.989
 47561.491, 60500.000,   -52.041,     0.949
  9718.012, 60500.000,  -118.537,     0.820
 27765.217, 60500.000,   -89.626,     0.687
 16634.783, 60500.000,  -135.884,     0.266
 10274.534, 60500.000,  -132.993,     0.780
 26254.658, 60500.000,  -124.320,     0.687
 19814.907, 60500.000,   -43.367,     0.933
 51536.646, 60500.000,   -98.299,     0.976
 14806.211, 60500.000,   -86.735,     0.786
 57499.379, 60500.000,   -78.061,     0.747
 40644.720, 60500.000,   -54.932,     0.953
 41439.752, 60500.000,   -37.585,     0.914
 16237.267, 60500.000,  -118.537,     0.729
 21722.981, 60500.000,   -80.952,     0.670
 55750.311, 60500.000,   -37.585,     0.902
 18781.366, 60500.000,   -69.388,     0.886
 22915.528, 60500.000,   -34.694,     0.290
 35954.037, 60500.000,   -80.952,     0.661
 59089.441, 60500.000,   -83.844,     0.590
 17668.323, 60500.000,   -54.932,     0.878
 36351.553, 60500.000,  -121.429,     0.513
 55114.286, 60500.000,  -106.973,     0.649
 55750.311, 60500.000,  -101.190,     0.553
 27367.702, 60500.000,  -127.211,     0.430
 43983.851, 60500.000,   -89.626,     0.668
 58373.913, 60500.000,   -63.605,     0.701
 14726.708, 60500.000,  -115.646,     0.847
 44778.882, 60500.000,   -95.408,     0.824
 48674.534, 60500.000,   -89.626,     0.671
  9718.012, 60500.000,   -40.476,     0.275
 15203.727, 60500.000,   -92.517,     0.843
 15839.752, 60500.000,   -54.932,     0.859
 56147.826, 60500.000,   -40.476,     0.890
 21086.957, 60500.000,  -124.320,     0.750
 29514.286, 60500.000,   -66.497,     0.925
 11864.596, 60500.000,   -98.299,     0.969
 31819.876, 60500.000,   -69.388,     0.843
 34522.981, 60500.000,  -109.864,     0.738
 30786.335, 60500.000,   -98.299,     0.708
 14011.180, 60500.000,  -132.993,     0.680
 30627.329, 60500.000,  -121.429,     0.559
 11705.590, 60500.000,  -112.755,     0.785
 50980.124, 60500.000,   -43.367,     0.945
 33886.957, 60500.000,  -104.082,     0.661
 16475.776, 60500.000,   -40.476,     0.910
 29911.801, 60500.000,   -54.932,     0.984
 22438.509, 60500.000,   -92.517,     0.744
 39611.180, 60500.000,   -43.367,     0.941
 16475.776, 60500.000,   -80.952,     0.824
 34522.981, 60500.000,   -46.259,     0.969
 26731.677, 60500.000,   -69.388,     0.803
 15998.758, 60500.000,   -66.497,     0.843
 15044.720, 60500.000,   -49.150,     0.878
 11228.571, 60500.000,   -43.367,     0.855
 49549.068, 60500.000,   -43.367,     0.933
 43029.814, 60500.000,   -75.170,     0.661
 53842.236, 60500.000,   -83.844,     0.581
 10036.025, 60500.000,   -86.735,     0.855
 59248.447, 60500.000,  -115.646,     0.788
 44858.385, 60500.000,  -112.755,     0.911
 12262.112, 60500.000,  -124.320,     0.871
 59089.441, 60500.000,   -95.408,     0.535
 11626.087, 60500.000,   -52.041,     0.835
 13216.149, 60500.000,  -109.864,     0.816
 46368.944, 60500.000,   -31.803,     0.863
 41360.248, 60500.000,   -34.694,     0.902
 34920.497, 60500.000,  -112.755,     0.723
 53444.720, 60500.000,   -92.517,     0.605
 40088.199, 60500.000,   -43.367,     0.957
 17747.826, 60500.000,  -115.646,     0.816
 15362.733, 60500.000,  -115.646,     0.798
 19894.410, 60500.000,  -101.190,     0.831
 13534.161, 60500.000,  -106.973,     0.800
 45494.410, 60500.000,   -46.259,     0.918
 30388.820, 60500.000,   -34.694,     0.282
 30309.317, 60500.000,   -57.823,     0.945
 55670.807, 60500.000,   -34.694,     0.878
 14806.211, 60500.000,   -66.497,     0.898
 53126.708, 60500.000,   -34.694,     0.902
 31740.373, 60500.000,   -80.952,     0.618
 45891.925, 60500.000,   -86.735,     0.750
 58055.901, 60500.000,  -106.973,     0.749
 21563.975, 60500.000,   -98.299,     0.806
 17350.311, 60500.000,   -69.388,     0.851
 37544.099, 60500.000,  -115.646,     0.823
 29991.304, 60500.000,  -112.755,     0.722
 26890.683, 60500.000,   -83.844,     0.643
 22359.006, 60500.000,   -63.605,     0.929
 13852.174, 60500.000,  -127.211,     0.790
 36908.075, 60500.000,  -106.973,     0.640
 50423.602, 60500.000,   -43.367,     0.965
 27367.702, 60500.000,   -89.626,     0.671
 44063.354, 60500.000,  -115.646,     0.533
 19099.379, 60500.000,  -132.993,     0.557
 49708.075, 60500.000,   -95.408,     0.882
 31024.845, 60500.000,   -92.517,     0.707
 15839.752, 60500.000,  -118.537,     0.843
 16793.789, 60500.000,   -57.823,     0.847
 14090.683, 60500.000,   -37.585,     0.878
  9797.516, 60500.000,   -54.932,     0.820
 10513.043, 60500.000,  -127.211,     0.675
 53047.205, 60500.000,   -46.259,     0.961
 24982.609, 60500.000,   -49.150,     0.956
 53603.727, 60500.000,   -54.932,     0.968
 34761.491, 60500.000,  -115.646,     0.768
 51298.137, 60500.000,   -40.476,     0.941
 55432.298, 60500.000,   -95.408,     0.642
 57260.870, 60500.000,   -92.517,     0.710
 22200.000, 60500.000,   -98.299,     0.748
 53842.236, 60500.000,   -31.803,     0.278
 13295.652, 60500.000,   -95.408,     0.875
 11944.099, 60500.000,   -43.367,     0.867
 59407.453, 60500.000,   -66.497,     0.621
 49072.050, 60500.000,   -54.932,     0.972
 44540.373, 60500.000,  -112.755,     0.913
 37385.093, 60500.000,   -37.585,     0.918
 39372.671, 60500.000,   -60.714,     0.902
 39770.186, 60500.000,   -37.585,     0.937
 25380.124, 60500.000,   -66.497,     0.914
 42314.286, 60500.000,   -46.259,     0.941
 51934.161, 60500.000,   -31.803,     0.875
 59327.950, 60500.000,   -37.585,     0.933
 43427.329, 60500.000,  -101.190,     0.918
 60600.000, 60500.000,   -86.735,     0.786
 43983.851, 60500.000,   -86.735,     0.630
 55750.311, 60500.000,   -31.803,     0.278
 33807.453, 60500.000,  -106.973,     0.694
 58612.422, 60500.000,  -104.082,     0.774
 26413.665, 60500.000,  -121.429,     0.775
 45732.919, 60500.000,   -43.367,     0.929
 29832.298, 60500.000,  -121.429,     0.711
 43188.820, 60500.000,   -89.626,     0.671
 49708.075, 60500.000,   -60.714,     0.796
 32932.919, 60500.000,  -104.082,     0.581
 12023.602, 60500.000,   -43.367,     0.882
 50980.124, 60500.000,   -78.061,     0.541
 18383.851, 60500.000,  -124.320,     0.963
 33409.938, 60500.000,  -109.864,     0.614
 32455.901, 60500.000,   -43.367,     0.945
  9718.012, 60500.000,  -109.864,     0.808
 39531.677, 60500.000,  -104.082,     0.928
 60361.491, 60500.000,   -72.279,     0.751
 43188.820, 60500.000,   -80.952,     0.613
 30468.323, 60500.000,   -69.388,     0.937
 15124.224, 60500.000,   -78.061,     0.835
 41916.770, 60500.000,   -86.735,     0.618
 14249.689, 60500.000,  -132.993,     0.682
 19099.379, 60500.000,   -54.932,     0.898
 49787.578, 60500.000,  -106.973,     0.869
 26175.155, 60500.000,   -52.041,     0.922
 22200.000, 60500.000,   -60.714,     0.953
 31342.857, 60500.000,  -109.864,     0.735
 34840.994, 60500.000,  -115.646,     0.746
 32058.385, 60500.000,   -57.823,     0.945
 55432.298, 60500.000,   -86.735,     0.781
 23313.043, 60500.000,  -112.755,     0.640
 58135.404, 60500.000,   -34.694,     0.933
 33171.429, 60500.000,   -69.388,     0.867
 45971.429, 60500.000,   -89.626,     0.774
 55829.814, 60500.000,  -101.190,     0.565
 25857.143, 60500.000,  -104.082,     0.649
 21404.969, 60500.000,  -118.537,     0.529
 14488.199, 60500.000,  -121.429,     0.839
 52808.696, 60500.000,   -63.605,     0.664
 31342.857, 60500.000,   -86.735,     0.606
 13772.671, 60500.000,  -101.190,     0.851
 30070.807, 60500.000,   -80.952,     0.612
 37385.093, 60500.000,  -112.755,     0.827
 57976.398, 60500.000,   -86.735,     0.732
 23631.056, 60500.000,   -72.279,     0.813
 39611.180, 60500.000,   -54.932,     0.941
 47879.503, 60500.000,   -98.299,     0.695
 28798.758, 60500.000,   -60.714,     0.984
 51457.143, 60500.000,   -57.823,     0.822
 15919.255, 60500.000,   -57.823,     0.824
 13057.143, 60500.000,  -130.102,     0.782
 31263.354, 60500.000,   -98.299,     0.642
 55034.783, 60500.000,   -57.823,     0.875
 15442.236, 60500.000,   -72.279,     0.867
 28639.752, 60500.000,   -60.714,     0.984
 34363.975, 60500.000,   -63.605,     0.976
 14408.696, 60500.000,   -69.388,     0.882
 43109.317, 60500.000,   -46.259,     0.949
 11308.075, 60500.000,   -54.932,     0.805
 41678.261, 60500.000,   -66.497,     0.863
 38736.646, 60500.000,  -109.864,     0.975
 54955.280, 60500.000,  -101.190,     0.528
 36828.571, 60500.000,   -92.517,     0.621
 42950.311, 60500.000,   -75.170,     0.597
 31024.845, 60500.000,  -115.646,     0.755
 16555.280, 60500.000,   -83.844,     0.797
 13216.149, 60500.000,  -127.211,     0.838
 37226.087, 60500.000,   -75.170,     0.654
 57896.894, 60500.000,   -92.517,     0.779
 49390.062, 60500.000,   -63.605,     0.762
 54160.248, 60500.000,   -86.735,     0.536
 11785.093, 60500.000,  -101.190,     0.949
 42552.795, 60500.000,   -57.823,     0.910
 10831.056, 60500.000,   -69.388,     0.867
 32932.919, 60500.000,   -63.605,     0.975
 41360.248, 60500.000,   -80.952,     0.548
 46209.938, 60500.000,  -112.755,     0.988
 38657.143, 60500.000,   -66.497,     0.823
 59963.975, 60500.000,   -46.259,     0.922
 15998.758, 60500.000,  -132.993,     0.437
 14170.186, 60500.000,   -69.388,     0.886
 50980.124, 60500.000,  -106.973,     0.811
 15362.733, 60500.000,   -37.585,     0.890
 13534.161, 60500.000,   -80.952,     0.863
 15680.745, 60500.000,  -101.190,     0.843
 16634.783, 60500.000,   -57.823,     0.863
 30468.323, 60500.000,   -83.844,     0.729
 53047.205, 60500.000,  -106.973,     0.930
 56386.335, 60500.000,   -60.714,     0.784
 17191.304, 60500.000,   -72.279,     0.855
 36669.565, 60500.000,   -49.150,     0.982
 46607.453, 60500.000,   -78.061,     0.682
 11069.565, 60500.000,   -80.952,     0.902
 20450.932, 60500.000,   -75.170,     0.779
 17429.814, 60500.000,   -95.408,     0.847
 59486.957, 60500.000,   -60.714,     0.755
 24346.584, 60500.000,   -78.061,     0.619
 25539.130, 60500.000,   -72.279,     0.794
 19337.888, 60500.000,   -63.605,     0.910
 48038.509, 60500.000,   -40.476,     0.941
 14806.211, 60500.000,  -112.755,     0.851
 25777.640, 60500.000,  -124.320,     0.770
 59168.944, 60500.000,   -98.299,     0.513
 49946.584, 60500.000,   -89.626,     0.563
 43586.335, 60500.000,   -54.932,     0.953
 49151.553, 60500.000,   -34.694,     0.898
 12421.118, 60500.000,   -78.061,     0.863
 27685.714, 60500.000,   -92.517,     0.727
 56545.342, 60500.000,   -52.041,     0.898
 50821.118, 60500.000,   -78.061,     0.579
 25539.130, 60500.000,   -78.061,     0.666
 32694.410, 60500.000,   -52.041,     0.927
 52967.702, 60500.000,   -49.150,     0.941
 49469.565, 60500.000,   -63.605,     0.746
 23313.043, 60500.000,   -95.408,     0.799
 10513.043, 60500.000,  -109.864,     0.878
 55432.298, 60500.000,   -75.170,     0.824
 34681.988, 60500.000,   -43.367,     0.973
 43268.323, 60500.000,   -34.694,     0.906
 53683.230, 60500.000,   -95.408,     0.585
 46607.453, 60500.000,  -118.537,     0.497
 25936.646, 60500.000,   -69.388,     0.855
 42632.298, 60500.000,  -106.973,     0.969
 39531.677, 60500.000,   -57.823,     0.910
 58135.404, 60500.000,   -72.279,     0.702
 42711.801, 60500.000,  -115.646,     0.529
 38339.130, 60500.000,   -43.367,     0.980
 19576.398, 60500.000,   -40.476,     0.933
 55988.820, 60500.000,   -37.585,     0.886
 52490.683, 60500.000,   -66.497,     0.533
 54637.267, 60500.000,   -72.279,     0.796
 22359.006, 60500.000,   -89.626,     0.680
 14567.702, 60500.000,   -43.367,     0.894
 11308.075, 60500.000,   -72.279,     0.867
 44063.354, 60500.000,   -28.912,     0.267
 24267.081, 60500.000,   -86.735,     0.646
 36113.043, 60500.000,  -118.537,     0.609
 18304.348, 60500.000,  -124.320,     0.953
 35556.522, 60500.000,   -34.694,     0.294
 57101.863, 60500.000,   -31.803,     0.278
 26254.658, 60500.000,   -89.626,     0.738
 24982.609, 60500.000,   -60.714,     0.957
 49787.578, 60500.000,   -80.952,     0.567
 34284.472, 60500.000,   -89.626,     0.610
 56783.851, 60500.000,  -118.537,     0.917
 32137.888, 60500.000,   -83.844,     0.512
 38339.130, 60500.000,   -57.823,     0.989
 55511.801, 60500.000,   -46.259,     0.886
 27924.224, 60500.000,   -54.932,     0.935
 49231.056, 60500.000,   -83.844,     0.606
 43268.323, 60500.000,   -78.061,     0.561
 17827.329, 60500.000,   -52.041,     0.925
 28083.230, 60500.000,   -66.497,     0.957
 12023.602, 60500.000,  -104.082,     0.906
 42791.304, 60500.000,   -63.605,     0.803
 31581.366, 60500.000,   -98.299,     0.612
 19576.398, 60500.000,   -72.279,     0.855
 43109.317, 60500.000,   -52.041,     0.949
 15839.752, 60500.000,   -46.259,     0.902
 17668.323, 60500.000,  -106.973,     0.842
 21961.491, 60500.000,   -34.694,     0.286
 31501.863, 60500.000,  -104.082,     0.659
 50582.609, 60500.000,   -60.714,     0.742
 15442.236, 60500.000,   -52.041,     0.886
 30706.832, 60500.000,   -40.476,     0.902
 30627.329, 60500.000,   -66.497,     0.980
 22518.012, 60500.000,   -49.150,     0.925
 16078.261, 60500.000,  -112.755,     0.802
 51934.161, 60500.000,   -86.735,     0.710
 35318.012, 60500.000,   -75.170,     0.753
 18542.857, 60500.000,  -106.973,     0.763
 54319.255, 60500.000,   -66.497,     0.819
 55193.789, 60500.000,   -83.844,     0.698
 48356.522, 60500.000,  -112.755,     0.929
 20291.925, 60500.000,   -92.517,     0.778
 35238.509, 60500.000,  -109.864,     0.812
 13454.658, 60500.000,   -40.476,     0.890
 39770.186, 60500.000,   -60.714,     0.914
 56863.354, 60500.000,   -31.803,     0.278
 38975.155, 60500.000,  -112.755,     0.921
 47243.478, 60500.000,  -104.082,     0.982
 38816.149, 60500.000,   -69.388,     0.729
 15760.248, 60500.000,   -80.952,     0.820
 33568.944, 60500.000,   -66.497,     0.969
 26016.149, 60500.000,   -54.932,     0.964
 20132.919, 60500.000,  -115.646,     0.483
 27765.217, 60500.000,   -78.061,     0.640
 28162.733, 60500.000,   -63.605,     0.973
 10274.534, 60500.000,  -115.646,     0.758
 14170.186, 60500.000,   -52.041,     0.867
 17906.832, 60500.000,   -46.259,     0.949
 42632.298, 60500.000,   -46.259,     0.949
 31501.863, 60500.000,   -34.694,     0.902
 38895.652, 60500.000,   -83.844,     0.518
 11944.099, 60500.000,   -46.259,     0.851
 50185.093, 60500.000,   -49.150,     0.898
 11467.081, 60500.000,   -86.735,     0.875
 37226.087, 60500.000,  -101.190,     0.687
 21802.484, 60500.000,   -69.388,     0.875
 21484.472, 60500.000,  -130.102,     0.708
 41678.261, 60500.000,   -46.259,     0.933
 32217.391, 60500.000,   -37.585,     0.922
 19019.876, 60500.000,  -132.993,     0.508
 39372.671, 60500.000,   -89.626,     0.602
 26731.677, 60500.000,   -66.497,     0.882
 55988.820, 60500.000,  -121.429,     0.553
 52808.696, 60500.000,   -80.952,     0.633
 60361.491, 60500.000,   -37.585,     0.945
 41042.236, 60500.000,   -63.605,     0.839
 24903.106, 60500.000,   -49.150,     0.989
 50026.087, 60500.000,  -115.646,     0.366
 43029.814, 60500.000,  -112.755,     0.914
 30070.807, 60500.000,   -83.844,     0.612
 50026.087, 60500.000,   -49.150,     0.965
 48754.037, 60500.000,   -92.517,     0.661
 36669.565, 60500.000,  -124.320,     0.280
 52013.665, 60500.000,   -98.299,     0.952
 33489.441, 60500.000,   -66.497,     0.953
 13454.658, 60500.000,   -75.170,     0.863
 23631.056, 60500.000,  -115.646,     0.682
 25380.124, 60500.000,  -127.211,     0.347
 14170.186, 60500.000,  -135.884,     0.333
 58294.410, 60500.000,   -46.259,     0.978
 58055.901, 60500.000,   -89.626,     0.699
 50264.596, 60500.000,   -89.626,     0.730
 21881.988, 60500.000,   -34.694,     0.286
 23949.068, 60500.000,   -57.823,     0.949
 34681.988, 60500.000,   -49.150,     0.992
 44937.888, 60500.000,  -112.755,     0.875
 11228.571, 60500.000,   -86.735,     0.902
 13931.677, 60500.000,  -121.429,     0.867
 17588.820, 60500.000,   -37.585,     0.894
 28242.236, 60500.000,  -112.755,     0.725
 28162.733, 60500.000,  -106.973,     0.581
 21166.460, 60500.000,  -121.429,     0.734
 58373.913, 60500.000,   -52.041,     0.949
 28162.733, 60500.000,   -46.259,     0.953
 55352.795, 60500.000,   -72.279,     0.820
 14090.683, 60500.000,   -78.061,     0.839
 49628.571, 60500.000,  -106.973,     0.898
 16793.789, 60500.000,  -124.320,     0.725
 47720.497, 60500.000,   -80.952,     0.538
 58294.410, 60500.000,  -118.537,     0.967
 43745.342, 60500.000,   -31.803,     0.871
 20609.938, 60500.000,   -60.714,     0.918
 54875.776, 60500.000,   -86.735,     0.664
 22836.025, 60500.000,   -98.299,     0.742
 29752.795, 60500.000,   -46.259,     0.971
 36113.043, 60500.000,   -37.585,     0.914
 22677.019, 60500.000,   -54.932,     0.957
 60520.497, 60500.000,  -109.864,     0.939
 28083.230, 60500.000,   -34.694,     0.290
 12262.112, 60500.000,  -121.429,     0.834
 26970.186, 60500.000,   -54.932,     0.980
 13295.652, 60500.000,  -121.429,     0.807
 59486.957, 60500.000,   -54.932,     0.875
 25698.137, 60500.000,   -75.170,     0.738
 14647.205, 60500.000,  -112.755,     0.730
 32853.416, 60500.000,   -80.952,     0.510
 14488.199, 60500.000,  -106.973,     0.781
 10751.553, 60500.000,   -78.061,     0.867
 44778.882, 60500.000,   -80.952,     0.659
 54319.255, 60500.000,   -43.367,     0.929
 22040.994, 60500.000,  -127.211,     0.562
 49708.075, 60500.000,  -104.082,     0.912
 23790.062, 60500.000,  -101.190,     0.661
 47481.988, 60500.000,   -37.585,     0.929
 47959.006, 60500.000,   -75.170,     0.579
 25539.130, 60500.000,   -98.299,     0.702
 55988.820, 60500.000,   -83.844,     0.714
 18383.851, 60500.000,   -34.694,     0.282
 59804.969, 60500.000,  -115.646,     0.964
 20450.932, 60500.000,  -127.211,     0.640
 32932.919, 60500.000,   -60.714,     0.982
 31581.366, 60500.000,  -121.429,     0.707
 12182.609, 60500.000,   -54.932,     0.802
 22518.012, 60500.000,   -40.476,     0.925
 45971.429, 60500.000,   -92.517,     0.816
 54160.248, 60500.000,   -89.626,     0.536
 33886.957, 60500.000,   -37.585,     0.925
 43904.348, 60500.000,   -69.388,     0.673
 25459.627, 60500.000,  -106.973,     0.583
 12421.118, 60500.000,   -43.367,     0.882
 12182.609, 60500.000,   -69.388,     0.843
 57737.888, 60500.000,   -63.605,     0.664
  9877.019, 60500.000,   -86.735,     0.859
 18145.342, 60500.000,   -54.932,     0.894
 12818.634, 60500.000,  -130.102,     0.878
 13772.671, 60500.000,  -109.864,     0.835
 38259.627, 60500.000,  -109.864,     0.822
 47481.988, 60500.000,   -63.605,     0.776
 29116.770, 60500.000,   -66.497,     0.925
 40883.230, 60500.000,   -95.408,     0.694
 46448.447, 60500.000,   -63.605,     0.801
  9877.019, 60500.000,  -127.211,     0.878
 43347.826, 60500.000,   -75.170,     0.538
 14567.702, 60500.000,   -40.476,     0.890
 44619.876, 60500.000,   -31.803,     0.875
 57101.863, 60500.000,   -57.823,     0.810
 57101.863, 60500.000,   -83.844,     0.670
 52411.180, 60500.000,   -72.279,     0.489
 53126.708, 60500.000,   -78.061,     0.559
 59168.944, 60500.000,   -89.626,     0.522
 59884.472, 60500.000,   -46.259,     0.922
 28719.255, 60500.000,   -57.823,     0.991
 47561.491, 60500.000,  -115.646,     0.939
 33807.453, 60500.000,   -43.367,     0.976
 46368.944, 60500.000,   -83.844,     0.689
 27129.193, 60500.000,   -80.952,     0.574
 38418.634, 60500.000,   -98.299,     0.625
 14806.211, 60500.000,  -104.082,     0.831
 26095.652, 60500.000,  -112.755,     0.675
 42950.311, 60500.000,   -54.932,     0.934
 54001.242, 60500.000,   -34.694,     0.894
 26175.155, 60500.000,  -112.755,     0.628
 27924.224, 60500.000,  -118.537,     0.919
 28957.764, 60500.000,   -34.694,     0.290
 55591.304, 60500.000,  -104.082,     0.618
 25618.634, 60500.000,   -54.932,     0.981
 22995.031, 60500.000,   -75.170,     0.774
 44699.379, 60500.000,   -63.605,     0.750
 42075.776, 60500.000,  -104.082,     0.890
 32773.913, 60500.000,   -54.932,     0.944
 26334.161, 60500.000,  -121.429,     0.833
 45494.410, 60500.000,   -31.803,     0.863
 38418.634, 60500.000,  -106.973,     0.818
 54875.776, 60500.000,   -72.279,     0.827
 15044.720, 60500.000,   -80.952,     0.827
 14488.199, 60500.000,  -124.320,     0.814
 55750.311, 60500.000,   -98.299,     0.591
 44381.366, 60500.000,   -89.626,     0.701
 27367.702, 60500.000,   -95.408,     0.742
 34840.994, 60500.000,   -40.476,     0.949
 41519.255, 60500.000,   -95.408,     0.710
 27526.708, 60500.000,  -121.429,     0.734
 18065.839, 60500.000,   -57.823,     0.871
 26970.186, 60500.000,   -60.714,     0.965
 35318.012, 60500.000,  -127.211,     0.307
 56386.335, 60500.000,   -98.299,     0.687
 19655.901, 60500.000,  -135.884,     0.259
 23074.534, 60500.000,   -89.626,     0.677
 34045.963, 60500.000,   -75.170,     0.710
 19655.901, 60500.000,   -66.497,     0.878
 11626.087, 60500.000,   -86.735,     0.878
 29593.789, 60500.000,  -109.864,     0.799
 57419.876, 60500.000,   -86.735,     0.642
 16793.789, 60500.000,  -127.211,     0.654
 43029.814, 60500.000,   -60.714,     0.839
 59089.441, 60500.000,   -92.517,     0.529
 38498.137, 60500.000,   -37.585,     0.922
 52729.193, 60500.000,   -34.694,     0.894
 19258.385, 60500.000,  -130.102,     0.683
 53126.708, 60500.000,   -98.299,     0.772
 41996.273, 60500.000,   -28.912,     0.271
 50582.609, 60500.000,   -75.170,     0.546
 19973.913, 60500.000,   -52.041,     0.969
 54398.758, 60500.000,  -118.537,     0.774
 48674.534, 60500.000,   -52.041,     0.977
 21484.472, 60500.000,   -78.061,     0.798
 15124.224, 60500.000,  -124.320,     0.799
 23392.547, 60500.000,   -37.585,     0.922
 40962.733, 60500.000,   -52.041,     0.957
 51377.640, 60500.000,   -69.388,     0.557
 14647.205, 60500.000,   -66.497,     0.871
 55988.820, 60500.000,  -109.864,     0.804
 36669.565, 60500.000,   -37.585,     0.937
 18304.348, 60500.000,   -95.408,     0.843
 14885.714, 60500.000,   -49.150,     0.894
 28401.242, 60500.000,   -54.932,     0.982
 21404.969, 60500.000,   -95.408,     0.788
 32614.907, 60500.000,  -106.973,     0.647
 58850.932, 60500.000,   -34.694,     0.878
 16714.286, 60500.000,   -89.626,     0.816
 46845.963, 60500.000,  -101.190,     0.976
 22279.503, 60500.000,   -92.517,     0.730
 17429.814, 60500.000,  -127.211,     0.779
 12659.627, 60500.000,  -112.755,     0.729
 48197.516, 60500.000,  -104.082,     0.882
 35954.037, 60500.000,   -60.714,     0.953
 31422.360, 60500.000,   -54.932,     0.988
 21325.466, 60500.000,   -34.694,     0.286
 13295.652, 60500.000,   -72.279,     0.871
 28719.255, 60500.000,   -69.388,     0.815
 48674.534, 60500.000,   -69.388,     0.593
 55511.801, 60500.000,   -49.150,     0.871
 37305.590, 60500.000,   -63.605,     0.902
 33091.925, 60500.000,   -69.388,     0.851
 20371.429, 60500.000,  -130.102,     0.604
 36272.050, 60500.000,  -104.082,     0.578
 11944.099, 60500.000,   -92.517,     0.933
 52967.702, 60500.000,  -104.082,     0.921
 37623.602, 60500.000,   -72.279,     0.730
 44540.373, 60500.000,   -49.150,     0.949
 50264.596, 60500.000,   -72.279,     0.609
 42234.783, 60500.000,   -34.694,     0.894
 25936.646, 60500.000,  -109.864,     0.638
  9956.522, 60500.000,   -66.497,     0.843
 55670.807, 60500.000,   -98.299,     0.652
 32535.404, 60500.000,   -92.517,     0.581
 56386.335, 60500.000,   -92.517,     0.664
 16316.770, 60500.000,   -86.735,     0.792
 53762.733, 60500.000,   -57.823,     0.957
 37941.615, 60500.000,  -104.082,     0.745
 27526.708, 60500.000,   -75.170,     0.729
 36908.075, 60500.000,  -101.190,     0.543
 54955.280, 60500.000,   -66.497,     0.847
 15680.745, 60500.000,   -66.497,     0.886
 45335.404, 60500.000,   -78.061,     0.692
 54716.770, 60500.000,   -83.844,     0.690
 32455.901, 60500.000,  -101.190,     0.670
 59009.938, 60500.000,  -106.973,     0.732
 37464.596, 60500.000,   -31.803,     0.282
 39690.683, 60500.000,   -63.605,     0.855
 35795.031, 60500.000,   -69.388,     0.831
 37623.602, 60500.000,  -106.973,     0.722
 28639.752, 60500.000,   -92.517,     0.675
 56068.323, 60500.000,   -31.803,     0.278
 18145.342, 60500.000,  -115.646,     0.890
 24982.609, 60500.000,   -98.299,     0.760
 47720.497, 60500.000,  -118.537,     0.533
 26811.180, 60500.000,   -89.626,     0.748
 31263.354, 60500.000,   -46.259,     0.965
 53126.708, 60500.000,  -112.755,     0.928
 48992.547, 60500.000,  -101.190,     0.789
 28321.739, 60500.000,   -83.844,     0.567
 55750.311, 60500.000,   -69.388,     0.863
 19178.882, 60500.000,  -132.993,     0.582
 28480.745, 60500.000,   -83.844,     0.604
 34125.466, 60500.000,   -78.061,     0.650
 22518.012, 60500.000,   -57.823,     0.925
 31422.360, 60500.000,  -104.082,     0.640
 33091.925, 60500.000,   -92.517,     0.623
 10672.050, 60500.000,  -132.993,     0.801
 37703.106, 60500.000,   -95.408,     0.597
 28480.745, 60500.000,   -98.299,     0.624
 20848.447, 60500.000,   -54.932,     0.910
 13375.155, 60500.000,  -109.864,     0.778
 34681.988, 60500.000,   -37.585,     0.929
 11387.578, 60500.000,  -109.864,     0.776
 55829.814, 60500.000,   -40.476,     0.906
 33886.957, 60500.000,   -57.823,     0.975
 23313.043, 60500.000,   -49.150,     0.937
 31024.845, 60500.000,   -34.694,     0.894
 32773.913, 60500.000,   -34.694,     0.302
 15203.727, 60500.000,  -109.864,     0.816
 14885.714, 60500.000,  -101.190,     0.839
 36033.540, 60500.000,  -109.864,     0.664
 45494.410, 60500.000,  -106.973,     0.941
 35795.031, 60500.000,   -86.735,     0.678
 55591.304, 60500.000,   -92.517,     0.696
 54239.752, 60500.000,   -46.259,     0.969
 32932.919, 60500.000,   -34.694,     0.294
 59725.466, 60500.000,   -95.408,     0.710
 14647.205, 60500.000,  -127.211,     0.851
 56942.857, 60500.000,   -49.150,     0.902
 26175.155, 60500.000,   -63.605,     0.910
 58850.932, 60500.000,   -75.170,     0.756
 44142.857, 60500.000,   -54.932,     0.949
 47800.000, 60500.000,   -28.912,     0.271
 57260.870, 60500.000,  -109.864,     0.811
 55114.286, 60500.000,  -118.537,     0.953
 23710.559, 60500.000,   -60.714,     0.969
 18224.845, 60500.000,  -132.993,     0.493
 59804.969, 60500.000,  -106.973,     0.869
 24426.087, 60500.000,   -80.952,     0.626
 34840.994, 60500.000,   -83.844,     0.572
  9718.012, 60500.000,  -132.993,     0.847
 29514.286, 60500.000,   -52.041,     0.985
 50900.621, 60500.000,   -75.170,     0.571
 34363.975, 60500.000,   -92.517,     0.630
 21484.472, 60500.000,  -118.537,     0.541
 44540.373, 60500.000,   -63.605,     0.791
 22915.528, 60500.000,   -57.823,     0.918
 26016.149, 60500.000,  -112.755,     0.746
 22677.019, 60500.000,  -104.082,     0.627
 38577.640, 60500.000,  -121.429,     0.498
 18860.870, 60500.000,   -34.694,     0.282
 12739.130, 60500.000,  -121.429,     0.746
 15362.733, 60500.000,  -121.429,     0.898
 22597.516, 60500.000,   -34.694,     0.286
 52649.689, 60500.000,   -60.714,     0.687
 54478.261, 60500.000,   -54.932,     0.918
 19814.907, 60500.000,  -115.646,     0.498
 27844.720, 60500.000,   -95.408,     0.696
 14885.714, 60500.000,   -63.605,     0.890
 32535.404, 60500.000,   -86.735,     0.578
 48913.043, 60500.000,   -98.299,     0.769
 49390.062, 60500.000,  -109.864,     0.935
 28878.261, 60500.000,   -40.476,     0.945
 19814.907, 60500.000,   -60.714,     0.918
 32217.391, 60500.000,   -92.517,     0.649
 59407.453, 60500.000,   -98.299,     0.661
 55511.801, 60500.000,   -57.823,     0.843
 53524.224, 60500.000,   -69.388,     0.747
 54955.280, 60500.000,   -69.388,     0.827
 51854.658, 60500.000,   -54.932,     0.855
 26334.161, 60500.000,  -118.537,     0.849
 21484.472, 60500.000,   -83.844,     0.710
 17270.807, 60500.000,   -80.952,     0.843
 21802.484, 60500.000,  -109.864,     0.762
 33966.460, 60500.000,  -112.755,     0.835
 41280.745, 60500.000,   -75.170,     0.553
 59725.466, 60500.000,   -78.061,     0.751
 17429.814, 60500.000,   -78.061,     0.827
 26254.658, 60500.000,  -118.537,     0.721
 30468.323, 60500.000,   -52.041,     0.918
 27288.199, 60500.000,  -106.973,     0.652
 20053.416, 60500.000,   -83.844,     0.739
 15839.752, 60500.000,   -89.626,     0.824
 38657.143, 60500.000,  -109.864,     0.974
 14567.702, 60500.000,   -69.388,     0.886
 14011.180, 60500.000,  -112.755,     0.839
 58532.919, 60500.000,   -98.299,     0.701
 11228.571, 60500.000,   -72.279,     0.878
 58214.907, 60500.000,   -89.626,     0.687
 18145.342, 60500.000,   -57.823,     0.894
 59725.466, 60500.000,   -52.041,     0.890
 37623.602, 60500.000,  -109.864,     0.812
 48754.037, 60500.000,   -52.041,     0.963
 41598.758, 60500.000,   -69.388,     0.773
 13375.155, 60500.000,   -89.626,     0.855
 53762.733, 60500.000,   -78.061,     0.574
 52252.174, 60500.000,   -54.932,     0.855
 58214.907, 60500.000,  -112.755,     0.867
 34443.478, 60500.000,  -104.082,     0.573
 50900.621, 60500.000,   -60.714,     0.783
 33568.944, 60500.000,  -115.646,     0.711
 54080.745, 60500.000,  -118.537,     0.531
 10751.553, 60500.000,   -95.408,     0.867
 46448.447, 60500.000,   -78.061,     0.647
 37226.087, 60500.000,   -57.823,     0.965
 10910.559, 60500.000,   -57.823,     0.827
 40485.714, 60500.000,   -80.952,     0.553
 38895.652, 60500.000,   -75.170,     0.543
 24426.087, 60500.000,   -49.150,     0.978
 23790.062, 60500.000,   -89.626,     0.704
 17429.814, 60500.000,   -69.388,     0.863
 22677.019, 60500.000,   -92.517,     0.652
 55114.286, 60500.000,   -69.388,     0.787
 54875.776, 60500.000,   -46.259,     0.918
 39929.193, 60500.000,   -40.476,     0.957
 50980.124, 60500.000,   -63.605,     0.710
 53921.739, 60500.000,   -75.170,     0.642
  9797.516, 60500.000,  -101.190,     0.839
 37623.602, 60500.000,   -75.170,     0.647
 24982.609, 60500.000,  -106.973,     0.661
 20927.950, 60500.000,  -115.646,     0.606
 17032.298, 60500.000,   -92.517,     0.820
 46368.944, 60500.000,   -95.408,     0.827
 28639.752, 60500.000,   -83.844,     0.573
 37067.081, 60500.000,  -121.429,     0.690
 51139.130, 60500.000,   -40.476,     0.941
  9479.503, 60500.000,  -101.190,     0.843
 30865.839, 60500.000,   -78.061,     0.696
 24744.099, 60500.000,  -109.864,     0.530
 19019.876, 60500.000,  -109.864,     0.633
 18701.863, 60500.000,   -46.259,     0.875
 35795.031, 60500.000,   -49.150,     0.965
 59407.453, 60500.000,   -57.823,     0.795
 24267.081, 60500.000,   -37.585,     0.925
 15283.230, 60500.000,   -46.259,     0.898
 15044.720, 60500.000,   -57.823,     0.878
 59009.938, 60500.000,   -69.388,     0.692
 30388.820, 60500.000,   -80.952,     0.739
 11308.075, 60500.000,  -138.776,     0.434
 22915.528, 60500.000,  -106.973,     0.656
 26970.186, 60500.000,   -34.694,     0.290
 10831.056, 60500.000,   -72.279,     0.867
 31183.851, 60500.000,  -109.864,     0.794
 31501.863, 60500.000,  -118.537,     0.842
 27447.205, 60500.000,   -80.952,     0.649
 34681.988, 60500.000,   -98.299,     0.513
 28003.727, 60500.000,  -104.082,     0.486
 15601.242, 60500.000,   -54.932,     0.839
 57737.888, 60500.000,  -112.755,     0.965
 20927.950, 60500.000,   -52.041,     0.925
 54001.242, 60500.000,   -46.259,     0.957
 21404.969, 60500.000,  -132.993,     0.302
 59327.950, 60500.000,   -43.367,     0.961
 52013.665, 60500.000,   -66.497,     0.611
 45653.416, 60500.000,   -66.497,     0.732
 15919.255, 60500.000,  -135.884,     0.221
 59248.447, 60500.000,   -95.408,     0.515
 41598.758, 60500.000,   -86.735,     0.571
 40088.199, 60500.000,  -104.082,     0.878
 29991.304, 60500.000,  -106.973,     0.650
 10751.553, 60500.000,  -104.082,     0.898
 45971.429, 60500.000,  -101.190,     0.937
 32773.913, 60500.000,   -80.952,     0.505
 51218.634, 60500.000,  -106.973,     0.812
 42870.807, 60500.000,   -54.932,     0.977
 24982.609, 60500.000,   -34.694,     0.290
 48038.509, 60500.000,  -101.190,     0.774
  9956.522, 60500.000,  -106.973,     0.835
 31660.870, 60500.000,   -52.041,     0.980
 41678.261, 60500.000,   -95.408,     0.704
 31422.360, 60500.000,   -66.497,     0.910
 51775.155, 60500.000,  -106.973,     0.694
 16157.764, 60500.000,   -78.061,     0.875
 39054.658, 60500.000,   -37.585,     0.910
 36272.050, 60500.000,   -72.279,     0.875
 26890.683, 60500.000,   -98.299,     0.779
 22200.000, 60500.000,   -80.952,     0.690
 36590.062, 60500.000,  -115.646,     0.778
 13852.174, 60500.000,   -86.735,     0.803
 19576.398, 60500.000,   -43.367,     0.922
 15283.230, 60500.000,   -60.714,     0.851
  9797.516, 60500.000,   -98.299,     0.847
 26493.168, 60500.000,   -63.605,     0.933
 12182.609, 60500.000,   -83.844,     0.863
 22915.528, 60500.000,   -98.299,     0.720
 30309.317, 60500.000,   -52.041,     0.933
 20450.932, 60500.000,   -63.605,     0.922
  9638.509, 60500.000,   -83.844,     0.847
  9559.006, 60500.000,   -72.279,     0.843
 37862.112, 60500.000,  -106.973,     0.819
 22120.497, 60500.000,  -124.320,     0.545
 26652.174, 60500.000,  -101.190,     0.734
 38498.137, 60500.000,   -66.497,     0.823
 45494.410, 60500.000,   -57.823,     0.843
 55750.311, 60500.000,   -80.952,     0.839
 16634.783, 60500.000,   -92.517,     0.785
 18860.870, 60500.000,   -60.714,     0.890
 25618.634, 60500.000,  -104.082,     0.670
 23949.068, 60500.000,   -80.952,     0.665
 24744.099, 60500.000,   -37.585,     0.922
 25062.112, 60500.000,   -98.299,     0.754
 11705.590, 60500.000,   -54.932,     0.851
 23074.534, 60500.000,   -95.408,     0.734
 31581.366, 60500.000,   -78.061,     0.590
 48515.528, 60500.000,  -101.190,     0.797
 17509.317, 60500.000,   -52.041,     0.898
 59725.466, 60500.000,   -60.714,     0.783
 27208.696, 60500.000,  -124.320,     0.847
 19894.410, 60500.000,   -86.735,     0.696
 55352.795, 60500.000,  -118.537,     0.929
 13693.168, 60500.000,   -57.823,     0.843
 12580.124, 60500.000,   -57.823,     0.826
 54160.248, 60500.000,   -37.585,     0.925
 26254.658, 60500.000,   -37.585,     0.906
 26970.186, 60500.000,   -80.952,     0.646
 21484.472, 60500.000,   -52.041,     0.941
 50264.596, 60500.000,  -106.973,     0.821
 29514.286, 60500.000,   -57.823,     0.987
 40008.696, 60500.000,   -43.367,     0.961
 44937.888, 60500.000,   -63.605,     0.754
 48992.547, 60500.000,   -60.714,     0.922
 40485.714, 60500.000,   -75.170,     0.536
 38657.143, 60500.000,   -72.279,     0.662
 19337.888, 60500.000,   -69.388,     0.882
 23551.553, 60500.000,   -92.517,     0.751
 52013.665, 60500.000,   -69.388,     0.585
 14726.708, 60500.000,  -106.973,     0.781
 35159.006, 60500.000,   -75.170,     0.741
 24585.093, 60500.000,  -121.429,     0.741
 23551.553, 60500.000,   -60.714,     0.982
 44381.366, 60500.000,   -86.735,     0.643
 31978.882, 60500.000,  -112.755,     0.819
 35000.000, 60500.000,   -66.497,     0.953
 56704.348, 60500.000,   -69.388,     0.758
 19178.882, 60500.000,   -78.061,     0.785
 54319.255, 60500.000,   -98.299,     0.678
 12421.118, 60500.000,   -98.299,     0.945
 44540.373, 60500.000,   -52.041,     0.941
 56068.323, 60500.000,   -72.279,     0.793
 16316.770, 60500.000,   -89.626,     0.776
 28162.733, 60500.000,   -80.952,     0.631
 31581.366, 60500.000,   -63.605,     0.965
 41121.739, 60500.000,   -37.585,     0.918
 16475.776, 60500.000,   -52.041,     0.859
 21245.963, 60500.000,   -72.279,     0.871
 24823.602, 60500.000,   -80.952,     0.609
 14408.696, 60500.000,   -43.367,     0.914
 23551.553, 60500.000,  -106.973,     0.565
 47243.478, 60500.000,   -46.259,     0.945
 50503.106, 60500.000,   -86.735,     0.621
 24505.590, 60500.000,   -63.605,     0.961
 28242.236, 60500.000,   -43.367,     0.933
 34204.969, 60500.000,   -49.150,     0.973
 50900.621, 60500.000,   -28.912,     0.271
 11228.571, 60500.000,   -46.259,     0.839
 13772.671, 60500.000,   -92.517,     0.859
 46209.938, 60500.000,  -106.973,     0.958
 27924.224, 60500.000,   -49.150,     0.946
 50026.087, 60500.000,   -46.259,     0.968
 28560.248, 60500.000,   -37.585,     0.918
 29434.783, 60500.000,   -46.259,     0.965
 13613.665, 60500.000,  -109.864,     0.812
 54160.248, 60500.000,  -101.190,     0.638
 54955.280, 60500.000,  -115.646,     0.811
 14806.211, 60500.000,  -132.993,     0.575
 33807.453, 60500.000,   -95.408,     0.539
 56624.845, 60500.000,   -89.626,     0.600
 32455.901, 60500.000,   -89.626,     0.642
 22756.522, 60500.000,  -115.646,     0.713
 13534.161, 60500.000,  -132.993,     0.748
 13693.168, 60500.000,   -66.497,     0.851
 49469.565, 60500.000,   -86.735,     0.626
 40724.224, 60500.000,  -112.755,     0.983
 25459.627, 60500.000,   -37.585,     0.914
 28003.727, 60500.000,   -34.694,     0.294
 20768.944, 60500.000,   -75.170,     0.827
 20848.447, 60500.000,   -66.497,     0.898
 51775.155, 60500.000,   -98.299,     0.953
 29355.280, 60500.000,   -66.497,     0.945
 41916.770, 60500.000,   -60.714,     0.941
 41280.745, 60500.000,   -63.605,     0.855
 45414.907, 60500.000,  -106.973,     0.922
 34284.472, 60500.000,   -95.408,     0.590
 31104.348, 60500.000,   -52.041,     0.973
 52331.677, 60500.000,   -54.932,     0.867
 22995.031, 60500.000,   -72.279,     0.822
 35795.031, 60500.000,  -112.755,     0.762
 53206.211, 60500.000,   -95.408,     0.635
 44142.857, 60500.000,   -49.150,     0.965
 16316.770, 60500.000,  -104.082,     0.805
 22677.019, 60500.000,  -101.190,     0.635
 19973.913, 60500.000,   -69.388,     0.839
 42234.783, 60500.000,   -83.844,     0.656
 48754.037, 60500.000,   -37.585,     0.937
 52967.702, 60500.000,   -86.735,     0.635
 53524.224, 60500.000,   -92.517,     0.633
 45494.410, 60500.000,   -78.061,     0.628
 57817.391, 60500.000,   -69.388,     0.702
 32853.416, 60500.000,   -34.694,     0.298
 38259.627, 60500.000,   -49.150,     0.986
 29434.783, 60500.000,   -75.170,     0.673
 60122.981, 60500.000,   -49.150,     0.949
 33409.938, 60500.000,   -37.585,     0.906
 18383.851, 60500.000,  -135.884,     0.250
 24585.093, 60500.000,   -72.279,     0.830
 14806.211, 60500.000,  -115.646,     0.890
 47959.006, 60500.000,   -34.694,     0.898
 23154.037, 60500.000,   -57.823,     0.957
 16475.776, 60500.000,   -49.150,     0.878
 17906.832, 60500.000,   -54.932,     0.918
 32296.894, 60500.000,  -124.320,     0.803
 34522.981, 60500.000,   -60.714,     0.980
 60122.981, 60500.000,   -89.626,     0.532
 23551.553, 60500.000,   -95.408,     0.754
 40088.199, 60500.000,   -69.388,     0.699
 41519.255, 60500.000,  -101.190,     0.829
 20768.944, 60500.000,   -52.041,     0.898
 49867.081, 60500.000,   -37.585,     0.941
 12421.118, 60500.000,  -121.429,     0.794
 46845.963, 60500.000,   -43.367,     0.969
 15998.758, 60500.000,   -80.952,     0.871
 52411.180, 60500.000,   -54.932,     0.871
 47640.994, 60500.000,   -31.803,     0.882
 23472.050, 60500.000,   -63.605,     0.982
 38180.124, 60500.000,  -101.190,     0.638
 38657.143, 60500.000,   -49.150,     0.984
 60122.981, 60500.000,   -78.061,     0.730
 38339.130, 60500.000,   -80.952,     0.533
 29275.776, 60500.000,   -89.626,     0.590
 17429.814, 60500.000,   -54.932,     0.878
 33966.460, 60500.000,   -63.605,     0.969
 22200.000, 60500.000,   -69.388,     0.902
 50423.602, 60500.000,   -95.408,     0.823
 20689.441, 60500.000,   -69.388,     0.875
 50980.124, 60500.000,   -31.803,     0.878
 12659.627, 60500.000,  -115.646,     0.723
 12341.615, 60500.000,   -69.388,     0.839
 21245.963, 60500.000,  -112.755,     0.607
 44142.857, 60500.000,   -34.694,     0.890
 52172.671, 60500.000,   -92.517,     0.808
 10592.547, 60500.000,   -89.626,     0.863
 16555.280, 60500.000,   -72.279,     0.867
 24744.099, 60500.000,  -101.190,     0.720
 58771.429, 60500.000,  -104.082,     0.827
 14885.714, 60500.000,   -75.170,     0.875
 41439.752, 60500.000,   -54.932,     0.965
 59566.460, 60500.000,   -31.803,     0.278
 15680.745, 60500.000,  -112.755,     0.805
 38021.118, 60500.000,   -37.585,     0.922
 14488.199, 60500.000,   -83.844,     0.786
 31263.354, 60500.000,   -80.952,     0.571
 29911.801, 60500.000,   -63.605,     0.973
 32376.398, 60500.000,   -57.823,     0.980
 42155.280, 60500.000,   -57.823,     0.918
 46050.932, 60500.000,   -86.735,     0.734
 19178.882, 60500.000,   -89.626,     0.720
 36431.056, 60500.000,   -46.259,     0.945
 16237.267, 60500.000,   -34.694,     0.282
 32773.913, 60500.000,  -124.320,     0.574
 49072.050, 60500.000,   -37.585,     0.949
 29037.267, 60500.000,   -46.259,     0.976
 45653.416, 60500.000,   -75.170,     0.635
 53762.733, 60500.000,   -31.803,     0.278
 17588.820, 60500.000,   -54.932,     0.894
 45891.925, 60500.000,   -89.626,     0.785
 49469.565, 60500.000,   -80.952,     0.595
 19496.894, 60500.000,   -86.735,     0.742
 43109.317, 60500.000,   -37.585,     0.910
 52729.193, 60500.000,   -63.605,     0.646
 26890.683, 60500.000,   -75.170,     0.716
 11626.087, 60500.000,  -118.537,     0.675
 39134.161, 60500.000,   -54.932,     0.969
 52729.193, 60500.000,   -92.517,     0.835
 29196.273, 60500.000,   -92.517,     0.643
 35874.534, 60500.000,  -104.082,     0.621
 36113.043, 60500.000,   -66.497,     0.875
 22120.497, 60500.000,  -127.211,     0.530
 50423.602, 60500.000,  -104.082,     0.913
 25936.646, 60500.000,   -66.497,     0.922
 26095.652, 60500.000,  -115.646,     0.673
 57817.391, 60500.000,   -72.279,     0.730
 36431.056, 60500.000,   -80.952,     0.690
 17747.826, 60500.000,   -72.279,     0.835
 38816.149, 60500.000,   -34.694,     0.898
 29116.770, 60500.000,   -49.150,     0.983
 10831.056, 60500.000,   -52.041,     0.812
 44301.863, 60500.000,  -112.755,     0.975
 22677.019, 60500.000,   -40.476,     0.937
 45176.398, 60500.000,  -109.864,     0.906
 31819.876, 60500.000,   -66.497,     0.898
  9797.516, 60500.000,   -57.823,     0.824
 10990.062, 60500.000,   -72.279,     0.867
 59884.472, 60500.000,   -86.735,     0.640
 27367.702, 60500.000,   -78.061,     0.635
 35636.025, 60500.000,   -66.497,     0.890
 27447.205, 60500.000,   -46.259,     0.941
 44778.882, 60500.000,   -92.517,     0.763
 19019.876, 60500.000,   -40.476,     0.922
 34681.988, 60500.000,  -109.864,     0.680
 23710.559, 60500.000,  -118.537,     0.797
 22040.994, 60500.000,   -40.476,     0.910
 48913.043, 60500.000,   -28.912,     0.271
 19019.876, 60500.000,   -57.823,     0.878
 17111.801, 60500.000,   -83.844,     0.824
 47481.988, 60500.000,   -40.476,     0.945
 53603.727, 60500.000,   -60.714,     0.925
 53444.720, 60500.000,  -104.082,     0.819
 26890.683, 60500.000,   -60.714,     0.957
 26016.149, 60500.000,   -72.279,     0.781
 10831.056, 60500.000,   -54.932,     0.808
 18622.360, 60500.000,  -115.646,     0.835
 49310.559, 60500.000,  -106.973,     0.961
 15919.255, 60500.000,  -101.190,     0.882
 44937.888, 60500.000,   -46.259,     0.929
 59089.441, 60500.000,   -60.714,     0.727
 32296.894, 60500.000,   -78.061,     0.550
 21166.460, 60500.000,   -37.585,     0.902
 23154.037, 60500.000,   -69.388,     0.878
 45653.416, 60500.000,   -89.626,     0.697
 19655.901, 60500.000,  -127.211,     0.675
 56624.845, 60500.000,   -66.497,     0.762
 56227.329, 60500.000,   -46.259,     0.894
 38418.634, 60500.000,   -86.735,     0.607
 53842.236, 60500.000,   -75.170,     0.630
 57260.870, 60500.000,   -98.299,     0.744
 37862.112, 60500.000,  -118.537,     0.863
 53921.739, 60500.000,   -31.803,     0.278
 16396.273, 60500.000,   -54.932,     0.863
 47720.497, 60500.000,   -57.823,     0.937
 16475.776, 60500.000,   -83.844,     0.802
 44222.360, 60500.000,   -60.714,     0.851
 49708.075, 60500.000,  -112.755,     0.828
 35000.000, 60500.000,   -92.517,     0.585
 19337.888, 60500.000,   -46.259,     0.941
 20371.429, 60500.000,  -101.190,     0.849
 35000.000, 60500.000,  -106.973,     0.646
 14885.714, 60500.000,   -80.952,     0.822
 47004.969, 60500.000,   -40.476,     0.929
 12659.627, 60500.000,   -69.388,     0.820
 46130.435, 60500.000,   -92.517,     0.806
 11308.075, 60500.000,   -49.150,     0.831
 53762.733, 60500.000,  -101.190,     0.735
 56465.839, 60500.000,  -109.864,     0.799
 10115.528, 60500.000,   -57.823,     0.820
 22438.509, 60500.000,  -106.973,     0.698
 44699.379, 60500.000,   -40.476,     0.914
 50105.590, 60500.000,   -80.952,     0.579
 12262.112, 60500.000,  -106.973,     0.843
 39452.174, 60500.000,   -52.041,     0.969
 13852.174, 60500.000,  -118.537,     0.863
 44778.882, 60500.000,   -66.497,     0.722
 46845.963, 60500.000,   -80.952,     0.562
 11944.099, 60500.000,   -72.279,     0.855
 18224.845, 60500.000,  -124.320,     0.937
 29593.789, 60500.000,   -98.299,     0.600
 55829.814, 60500.000,   -46.259,     0.886
 36828.571, 60500.000,   -60.714,     0.973
 50503.106, 60500.000,   -40.476,     0.957
 14011.180, 60500.000,  -104.082,     0.875
 19894.410, 60500.000,   -46.259,     0.969
 20291.925, 60500.000,  -104.082,     0.839
 13931.677, 60500.000,  -127.211,     0.824
 46845.963, 60500.000,  -118.537,     0.430
 51934.161, 60500.000,   -49.150,     0.902
 25936.646, 60500.000,   -57.823,     0.979
 18065.839, 60500.000,   -89.626,     0.801
 15760.248, 60500.000,   -49.150,     0.878
 14170.186, 60500.000,  -130.102,     0.767
 52967.702, 60500.000,   -92.517,     0.761
 13454.658, 60500.000,  -132.993,     0.765
 17270.807, 60500.000,   -86.735,     0.827
 53921.739, 60500.000,   -52.041,     0.941
 24664.596, 60500.000,   -75.170,     0.747
 16396.273, 60500.000,   -72.279,     0.867
  9638.509, 60500.000,   -75.170,     0.847
 44222.360, 60500.000,   -98.299,     0.886
 49390.062, 60500.000,  -104.082,     0.966
 47879.503, 60500.000,   -63.605,     0.832
 33648.447, 60500.000,   -34.694,     0.290
 28401.242, 60500.000,   -83.844,     0.578
 26095.652, 60500.000,   -95.408,     0.801
 56068.323, 60500.000,   -95.408,     0.730
 33568.944, 60500.000,  -121.429,     0.638
 46050.932, 60500.000,   -46.259,     0.910
 48595.031, 60500.000,  -115.646,     0.907
 22995.031, 60500.000,   -78.061,     0.722
 43745.342, 60500.000,   -89.626,     0.655
 49310.559, 60500.000,  -115.646,     0.929
 21404.969, 60500.000,   -86.735,     0.727
 42552.795, 60500.000,   -49.150,     0.976
 58373.913, 60500.000,   -95.408,     0.678
 42314.286, 60500.000,   -40.476,     0.925
 21961.491, 60500.000,  -101.190,     0.794
 13931.677, 60500.000,   -78.061,     0.855
 41121.739, 60500.000,   -78.061,     0.550
 28003.727, 60500.000,   -66.497,     0.949
 16793.789, 60500.000,  -132.993,     0.483
 53206.211, 60500.000,   -52.041,     0.981
 14090.683, 60500.000,   -52.041,     0.855
 55114.286, 60500.000,  -109.864,     0.760
 15442.236, 60500.000,   -78.061,     0.847
 47402.484, 60500.000,   -63.605,     0.785
 20848.447, 60500.000,  -121.429,     0.553
 56068.323, 60500.000,  -109.864,     0.875
 25618.634, 60500.000,  -115.646,     0.745
 31660.870, 60500.000,  -104.082,     0.671
 24903.106, 60500.000,  -101.190,     0.725
 53285.714, 60500.000,   -78.061,     0.510
 34204.969, 60500.000,  -127.211,     0.310
 44301.863, 60500.000,   -72.279,     0.618
 11705.590, 60500.000,  -101.190,     0.925
 41439.752, 60500.000,   -40.476,     0.933
 20450.932, 60500.000,   -86.735,     0.722
 24744.099, 60500.000,  -104.082,     0.630
 27844.720, 60500.000,   -63.605,     0.945
 17429.814, 60500.000,  -124.320,     0.847
 11387.578, 60500.000,  -118.537,     0.706
 45096.894, 60500.000,   -57.823,     0.843
 32614.907, 60500.000,   -63.605,     0.976
 49867.081, 60500.000,   -75.170,     0.512
 21961.491, 60500.000,   -54.932,     0.910
 43904.348, 60500.000,   -86.735,     0.633
 36192.547, 60500.000,   -89.626,     0.696
 14488.199, 60500.000,  -132.993,     0.652
 24028.571, 60500.000,   -95.408,     0.746
 22200.000, 60500.000,   -63.605,     0.949
 29593.789, 60500.000,  -121.429,     0.813
 38180.124, 60500.000,   -66.497,     0.843
 55909.317, 60500.000,   -57.823,     0.820
 54319.255, 60500.000,   -89.626,     0.557
 18860.870, 60500.000,   -49.150,     0.918
 12818.634, 60500.000,   -63.605,     0.847
 17032.298, 60500.000,   -63.605,     0.831
 34840.994, 60500.000,   -37.585,     0.925
 12500.621, 60500.000,  -112.755,     0.793
 18224.845, 60500.000,   -66.497,     0.894
 15998.758, 60500.000,  -101.190,     0.882
 36669.565, 60500.000,  -101.190,     0.576
 38657.143, 60500.000,   -89.626,     0.624
 25777.640, 60500.000,  -109.864,     0.683
 48356.522, 60500.000,   -43.367,     0.945
 40644.720, 60500.000,   -75.170,     0.579
 19814.907, 60500.000,  -109.864,     0.637
 17588.820, 60500.000,   -80.952,     0.808
 31024.845, 60500.000,   -80.952,     0.623
 22200.000, 60500.000,  -121.429,     0.557
 45653.416, 60500.000,   -92.517,     0.758
 44778.882, 60500.000,   -54.932,     0.882
 55273.292, 60500.000,   -57.823,     0.863
 34125.466, 60500.000,   -63.605,     0.953
 54796.273, 60500.000,   -54.932,     0.902
 31978.882, 60500.000,   -72.279,     0.741
 38736.646, 60500.000,   -63.605,     0.875
 20291.925, 60500.000,  -101.190,     0.843
 12421.118, 60500.000,  -106.973,     0.859
 36351.553, 60500.000,  -124.320,     0.478
 55511.801, 60500.000,   -95.408,     0.631
 11467.081, 60500.000,   -66.497,     0.835
 18145.342, 60500.000,   -86.735,     0.755
 34840.994, 60500.000,   -57.823,     0.987
 28083.230, 60500.000,  -115.646,     0.649
 19019.876, 60500.000,   -63.605,     0.875
 38180.124, 60500.000,   -80.952,     0.643
 18940.373, 60500.000,  -127.211,     0.794
 41280.745, 60500.000,   -86.735,     0.619
 31581.366, 60500.000,  -118.537,     0.821
 32455.901, 60500.000,   -92.517,     0.650
 35874.534, 60500.000,  -115.646,     0.661
 50503.106, 60500.000,  -112.755,     0.640
 38736.646, 60500.000,  -106.973,     0.925
 22279.503, 60500.000,   -89.626,     0.695
 16078.261, 60500.000,   -57.823,     0.843
 52490.683, 60500.000,  -101.190,     0.933
 49469.565, 60500.000,   -54.932,     0.890
 28639.752, 60500.000,  -121.429,     0.789
 53921.739, 60500.000,   -40.476,     0.933
 30706.832, 60500.000,  -124.320,     0.598
 20848.447, 60500.000,   -89.626,     0.786
 47163.975, 60500.000,  -109.864,     0.949
 51298.137, 60500.000,   -83.844,     0.670
 36510.559, 60500.000,  -121.429,     0.570
 51218.634, 60500.000,   -43.367,     0.961
 19417.391, 60500.000,   -37.585,     0.918
 23392.547, 60500.000,  -115.646,     0.698
 39531.677, 60500.000,   -75.170,     0.643
 10115.528, 60500.000,   -80.952,     0.882
 21643.478, 60500.000,   -37.585,     0.918
 22438.509, 60500.000,   -46.259,     0.937
 18065.839, 60500.000,  -121.429,     0.964
 25936.646, 60500.000,  -118.537,     0.774
 33012.422, 60500.000,   -83.844,     0.534
 22359.006, 60500.000,   -54.932,     0.957
 28957.764, 60500.000,  -101.190,     0.603
 15760.248, 60500.000,   -40.476,     0.898
 37862.112, 60500.000,   -34.694,     0.902
 39770.186, 60500.000,   -72.279,     0.564
 22359.006, 60500.000,  -104.082,     0.713
 18145.342, 60500.000,  -130.102,     0.679
 48754.037, 60500.000,   -57.823,     0.902
 35556.522, 60500.000,   -66.497,     0.871
 53126.708, 60500.000,   -49.150,     0.971
 27129.193, 60500.000,  -112.755,     0.793
 29991.304, 60500.000,   -37.585,     0.918
 44619.876, 60500.000,   -92.517,     0.784
 34761.491, 60500.000,   -66.497,     0.953
 28957.764, 60500.000,  -109.864,     0.760
 33171.429, 60500.000,   -95.408,     0.625
 57260.870, 60500.000,   -31.803,     0.278
 59645.963, 60500.000,   -92.517,     0.642
 59884.472, 60500.000,   -66.497,     0.746
 51775.155, 60500.000,   -83.844,     0.593
 19735.404, 60500.000,   -80.952,     0.808
 18145.342, 60500.000,  -104.082,     0.783
 17509.317, 60500.000,   -63.605,     0.878
 38736.646, 60500.000,   -49.150,     0.988
 27208.696, 60500.000,  -109.864,     0.664
 42075.776, 60500.000,   -43.367,     0.957
 11626.087, 60500.000,   -69.388,     0.863
 36749.068, 60500.000,   -54.932,     0.990
 14011.180, 60500.000,   -43.367,     0.882
 41042.236, 60500.000,   -46.259,     0.953
 51854.658, 60500.000,  -101.190,     0.890
 57340.373, 60500.000,   -95.408,     0.664
 15760.248, 60500.000,  -124.320,     0.822
 10751.553, 60500.000,   -46.259,     0.831
 50026.087, 60500.000,   -92.517,     0.658
 48674.534, 60500.000,   -72.279,     0.536
 50105.590, 60500.000,   -89.626,     0.692
 26254.658, 60500.000,   -86.735,     0.708
 45414.907, 60500.000,   -52.041,     0.875
 59009.938, 60500.000,   -52.041,     0.902
 19258.385, 60500.000,   -37.585,     0.894
 15203.727, 60500.000,   -72.279,     0.863
 54716.770, 60500.000,   -46.259,     0.902
 19973.913, 60500.000,  -135.884,     0.270
 20768.944, 60500.000,  -101.190,     0.827
 20291.925, 60500.000,   -40.476,     0.929
 33807.453, 60500.000,   -37.585,     0.925
 60440.994, 60500.000,   -75.170,     0.774
 23790.062, 60500.000,   -63.605,     0.965
 33091.925, 60500.000,   -49.150,     0.980
 49310.559, 60500.000,   -86.735,     0.605
 33568.944, 60500.000,   -89.626,     0.655
 47084.472, 60500.000,   -80.952,     0.637
