#X,Y,Z,attr 
  9718.012, 60500.000,   -49.150,     0.831
 32614.907, 60500.000,  -121.429,     0.683
 40803.727, 60500.000,   -60.714,     0.886
 45732.919, 60500.000,  -101.190,     0.971
 54160.248, 60500.000,   -86.735,     0.536
 26413.665, 60500.000,   -49.150,     0.971
 30070.807, 60500.000,   -78.061,     0.635
 45017.391, 60500.000,  -106.973,     0.884
 27129.193, 60500.000,   -34.694,     0.290
 31024.845, 60500.000,  -101.190,     0.678
 13772.671, 60500.000,   -80.952,     0.800
 42234.783, 60500.000,  -101.190,     0.918
 31501.863, 60500.000,   -69.388,     0.833
 54478.261, 60500.000,   -75.170,     0.695
 56624.845, 60500.000,   -72.279,     0.753
 31024.845, 60500.000,   -52.041,     0.969
 40406.211, 60500.000,   -28.912,     0.271
 60281.988, 60500.000,  -112.755,     0.855
 11785.093, 60500.000,  -124.320,     0.867
 39929.193, 60500.000,  -104.082,     0.894
 57419.876, 60500.000,   -69.388,     0.838
 25618.634, 60500.000,   -49.150,     0.980
 37385.093, 60500.000,   -66.497,     0.847
 31104.348, 60500.000,   -37.585,     0.918
 29514.286, 60500.000,   -60.714,     0.987
 33091.925, 60500.000,   -92.517,     0.623
 35000.000, 60500.000,   -57.823,     0.968
 58850.932, 60500.000,   -72.279,     0.763
 38418.634, 60500.000,  -112.755,     0.949
 17350.311, 60500.000,   -66.497,     0.843
 42791.304, 60500.000,   -60.714,     0.902
 31501.863, 60500.000,  -124.320,     0.623
 18701.863, 60500.000,   -43.367,     0.886
 29673.292, 60500.000,  -127.211,     0.463
 45335.404, 60500.000,   -95.408,     0.945
  9638.509, 60500.000,  -141.667,     0.407
 17509.317, 60500.000,   -37.585,     0.894
 36908.075, 60500.000,   -40.476,     0.953
 23631.056, 60500.000,   -40.476,     0.914
 37146.584, 60500.000,  -124.320,     0.378
 12262.112, 60500.000,  -118.537,     0.785
 14567.702, 60500.000,   -37.585,     0.875
 50821.118, 60500.000,   -92.517,     0.797
 17827.329, 60500.000,  -115.646,     0.809
 59168.944, 60500.000,   -40.476,     0.961
 26731.677, 60500.000,  -115.646,     0.799
 45573.913, 60500.000,   -69.388,     0.654
 54955.280, 60500.000,   -69.388,     0.827
 35000.000, 60500.000,   -86.735,     0.545
 52729.193, 60500.000,   -83.844,     0.666
 41519.255, 60500.000,   -86.735,     0.591
 21563.975, 60500.000,   -95.408,     0.762
 14885.714, 60500.000,   -86.735,     0.806
 34761.491, 60500.000,  -124.320,     0.544
 11626.087, 60500.000,   -40.476,     0.878
 26970.186, 60500.000,   -83.844,     0.642
 42393.789, 60500.000,   -49.150,     0.957
 41678.261, 60500.000,   -46.259,     0.933
 17588.820, 60500.000,  -132.993,     0.567
 19496.894, 60500.000,  -106.973,     0.730
 53921.739, 60500.000,   -98.299,     0.687
 33012.422, 60500.000,  -124.320,     0.718
 17191.304, 60500.000,   -69.388,     0.851
 57260.870, 60500.000,   -52.041,     0.871
 30786.335, 60500.000,   -78.061,     0.730
 52967.702, 60500.000,   -52.041,     0.922
 58771.429, 60500.000,   -49.150,     0.878
 58771.429, 60500.000,   -92.517,     0.705
 43824.845, 60500.000,   -54.932,     0.914
 34204.969, 60500.000,   -92.517,     0.600
 55750.311, 60500.000,   -31.803,     0.278
 54001.242, 60500.000,  -115.646,     0.970
 33091.925, 60500.000,  -121.429,     0.768
 27049.689, 60500.000,   -49.150,     0.975
 32296.894, 60500.000,  -115.646,     0.968
 53365.217, 60500.000,   -40.476,     0.953
 59804.969, 60500.000,   -40.476,     0.925
 60043.478, 60500.000,   -60.714,     0.782
 23392.547, 60500.000,  -124.320,     0.782
 31740.373, 60500.000,   -34.694,     0.902
 35477.019, 60500.000,  -104.082,     0.600
 43586.335, 60500.000,   -31.803,     0.871
 18542.857, 60500.000,  -104.082,     0.819
 26731.677, 60500.000,   -63.605,     0.945
 48913.043, 60500.000,   -43.367,     0.989
 12103.106, 60500.000,  -118.537,     0.816
 30150.311, 60500.000,   -49.150,     0.961
 54001.242, 60500.000,   -66.497,     0.819
 12262.112, 60500.000,   -57.823,     0.781
 60043.478, 60500.000,   -37.585,     0.922
 38736.646, 60500.000,   -66.497,     0.812
 18463.354, 60500.000,   -98.299,     0.871
 41996.273, 60500.000,   -75.170,     0.637
 31978.882, 60500.000,   -92.517,     0.619
 14647.205, 60500.000,  -135.884,     0.312
 44858.385, 60500.000,  -109.864,     0.912
 45414.907, 60500.000,   -98.299,     0.970
 33171.429, 60500.000,   -52.041,     0.970
 57896.894, 60500.000,   -72.279,     0.760
 43745.342, 60500.000,   -37.585,     0.906
 19655.901, 60500.000,   -98.299,     0.859
 34681.988, 60500.000,   -52.041,     0.996
 33807.453, 60500.000,   -86.735,     0.520
 57658.385, 60500.000,   -37.585,     0.933
 33966.460, 60500.000,   -78.061,     0.614
 37941.615, 60500.000,  -106.973,     0.829
 32217.391, 60500.000,   -69.388,     0.803
 12103.106, 60500.000,  -124.320,     0.890
  9638.509, 60500.000,   -72.279,     0.847
 55829.814, 60500.000,   -54.932,     0.812
 30070.807, 60500.000,   -95.408,     0.633
 54001.242, 60500.000,   -34.694,     0.894
 46845.963, 60500.000,   -95.408,     0.839
 37941.615, 60500.000,   -80.952,     0.572
 40803.727, 60500.000,  -104.082,     0.929
 29196.273, 60500.000,  -101.190,     0.552
 25062.112, 60500.000,   -75.170,     0.774
 52570.186, 60500.000,   -80.952,     0.607
 50264.596, 60500.000,   -98.299,     0.949
 17668.323, 60500.000,  -135.884,     0.261
 34920.497, 60500.000,   -60.714,     0.986
 10354.037, 60500.000,  -101.190,     0.867
 45971.429, 60500.000,   -40.476,     0.918
 44301.863, 60500.000,   -31.803,     0.871
 51695.652, 60500.000,   -89.626,     0.775
 57022.360, 60500.000,   -49.150,     0.902
 30706.832, 60500.000,   -37.585,     0.886
 57101.863, 60500.000,   -92.517,     0.707
 20291.925, 60500.000,   -95.408,     0.805
 28560.248, 60500.000,   -63.605,     0.978
 15839.752, 60500.000,   -63.605,     0.851
 43586.335, 60500.000,   -75.170,     0.553
 26811.180, 60500.000,   -72.279,     0.750
 34125.466, 60500.000,   -89.626,     0.610
 57578.882, 60500.000,  -109.864,     0.851
 31581.366, 60500.000,   -75.170,     0.666
 29593.789, 60500.000,  -101.190,     0.606
 34761.491, 60500.000,   -54.932,     0.994
 59804.969, 60500.000,   -66.497,     0.751
 54716.770, 60500.000,   -83.844,     0.690
 39929.193, 60500.000,  -106.973,     0.954
 10751.553, 60500.000,   -69.388,     0.875
 21007.453, 60500.000,   -46.259,     0.929
 49469.565, 60500.000,  -101.190,     0.914
 22279.503, 60500.000,  -104.082,     0.722
 26413.665, 60500.000,  -127.211,     0.338
 46209.938, 60500.000,   -52.041,     0.855
 39134.161, 60500.000,   -34.694,     0.898
 34443.478, 60500.000,   -46.259,     0.973
 16396.273, 60500.000,   -60.714,     0.839
 16952.795, 60500.000,   -72.279,     0.878
 25300.621, 60500.000,   -83.844,     0.683
 42950.311, 60500.000,   -37.585,     0.922
 51377.640, 60500.000,   -80.952,     0.637
 56147.826, 60500.000,   -34.694,     0.882
 58453.416, 60500.000,   -37.585,     0.937
 35715.528, 60500.000,   -72.279,     0.782
 58612.422, 60500.000,   -78.061,     0.770
 15442.236, 60500.000,   -98.299,     0.834
 60122.981, 60500.000,   -83.844,     0.607
 18304.348, 60500.000,   -49.150,     0.875
 35795.031, 60500.000,   -78.061,     0.687
 23313.043, 60500.000,   -80.952,     0.680
 55034.783, 60500.000,   -46.259,     0.929
 25062.112, 60500.000,   -46.259,     0.933
 27049.689, 60500.000,   -37.585,     0.918
 41519.255, 60500.000,   -98.299,     0.770
 47322.981, 60500.000,   -31.803,     0.878
 34125.466, 60500.000,   -83.844,     0.600
 31660.870, 60500.000,   -66.497,     0.898
 33330.435, 60500.000,   -63.605,     0.971
 40485.714, 60500.000,  -115.646,     0.547
 54796.273, 60500.000,   -60.714,     0.922
  9559.006, 60500.000,   -66.497,     0.847
 11069.565, 60500.000,   -75.170,     0.890
 34284.472, 60500.000,   -98.299,     0.560
 43983.851, 60500.000,   -98.299,     0.851
 24664.596, 60500.000,   -57.823,     0.969
 53047.205, 60500.000,   -34.694,     0.894
 48754.037, 60500.000,   -86.735,     0.602
 57340.373, 60500.000,   -95.408,     0.664
 19655.901, 60500.000,  -112.755,     0.547
 15601.242, 60500.000,   -83.844,     0.795
 12182.609, 60500.000,   -63.605,     0.808
 19417.391, 60500.000,   -80.952,     0.774
 23313.043, 60500.000,   -66.497,     0.914
 19576.398, 60500.000,  -118.537,     0.533
 25618.634, 60500.000,   -40.476,     0.941
 18065.839, 60500.000,   -69.388,     0.831
 17747.826, 60500.000,  -135.884,     0.258
 52729.193, 60500.000,  -101.190,     0.951
 10513.043, 60500.000,   -80.952,     0.878
 21166.460, 60500.000,  -112.755,     0.717
 34840.994, 60500.000,   -63.605,     0.971
 13613.665, 60500.000,  -121.429,     0.871
 19099.379, 60500.000,   -83.844,     0.718
 11149.068, 60500.000,  -135.884,     0.906
 10831.056, 60500.000,   -46.259,     0.835
 47322.981, 60500.000,   -54.932,     0.886
 38021.118, 60500.000,   -80.952,     0.581
 53683.230, 60500.000,   -69.388,     0.742
 35238.509, 60500.000,   -66.497,     0.910
 46607.453, 60500.000,   -49.150,     0.886
 34125.466, 60500.000,   -40.476,     0.933
 38259.627, 60500.000,   -92.517,     0.637
 27129.193, 60500.000,  -118.537,     0.906
  9400.000, 60500.000,   -78.061,     0.839
 14567.702, 60500.000,  -101.190,     0.875
 36192.547, 60500.000,   -49.150,     0.918
 28957.764, 60500.000,   -43.367,     0.969
 31342.857, 60500.000,   -78.061,     0.588
 49151.553, 60500.000,  -106.973,     0.972
 44937.888, 60500.000,   -28.912,     0.267
 27685.714, 60500.000,  -104.082,     0.769
 25539.130, 60500.000,   -98.299,     0.702
 49231.056, 60500.000,   -60.714,     0.875
 41201.242, 60500.000,   -95.408,     0.744
 57419.876, 60500.000,   -83.844,     0.682
 35238.509, 60500.000,  -118.537,     0.824
 59804.969, 60500.000,  -106.973,     0.869
 45573.913, 60500.000,  -112.755,     0.913
 36033.540, 60500.000,   -63.605,     0.925
 43904.348, 60500.000,   -31.803,     0.875
 16316.770, 60500.000,   -83.844,     0.818
 59804.969, 60500.000,   -63.605,     0.758
 57022.360, 60500.000,  -101.190,     0.774
 56147.826, 60500.000,   -54.932,     0.827
 54637.267, 60500.000,   -86.735,     0.662
 36033.540, 60500.000,  -106.973,     0.634
 20609.938, 60500.000,   -40.476,     0.925
 55273.292, 60500.000,  -118.537,     0.949
 15998.758, 60500.000,  -135.884,     0.214
  9638.509, 60500.000,   -80.952,     0.847
 35159.006, 60500.000,   -40.476,     0.925
 28003.727, 60500.000,   -95.408,     0.670
 38577.640, 60500.000,   -98.299,     0.689
 20371.429, 60500.000,   -98.299,     0.828
 36828.571, 60500.000,   -63.605,     0.945
 47322.981, 60500.000,   -66.497,     0.734
 17429.814, 60500.000,   -80.952,     0.805
 37623.602, 60500.000,   -75.170,     0.647
 37464.596, 60500.000,   -92.517,     0.650
 21404.969, 60500.000,  -101.190,     0.765
 60361.491, 60500.000,   -66.497,     0.694
 16952.795, 60500.000,   -86.735,     0.847
 40485.714, 60500.000,   -40.476,     0.953
 16237.267, 60500.000,   -57.823,     0.859
 37226.087, 60500.000,   -43.367,     0.937
 23551.553, 60500.000,   -43.367,     0.925
 40008.696, 60500.000,   -89.626,     0.619
 15919.255, 60500.000,   -75.170,     0.867
 54557.764, 60500.000,   -95.408,     0.535
 45812.422, 60500.000,   -80.952,     0.682
 34045.963, 60500.000,   -92.517,     0.612
 37305.590, 60500.000,  -115.646,     0.851
 18781.366, 60500.000,   -86.735,     0.774
  9479.503, 60500.000,   -40.476,     0.275
 49151.553, 60500.000,   -31.803,     0.875
 46766.460, 60500.000,  -109.864,     0.921
 41916.770, 60500.000,  -106.973,     0.894
 46925.466, 60500.000,   -89.626,     0.650
 11069.565, 60500.000,   -72.279,     0.878
 29991.304, 60500.000,  -109.864,     0.689
 38259.627, 60500.000,  -112.755,     0.859
 26572.671, 60500.000,   -92.517,     0.680
 16714.286, 60500.000,  -112.755,     0.775
 28401.242, 60500.000,   -49.150,     0.972
 15998.758, 60500.000,  -118.537,     0.824
 33727.950, 60500.000,   -66.497,     0.945
 17906.832, 60500.000,   -75.170,     0.808
 38816.149, 60500.000,   -40.476,     0.945
 37146.584, 60500.000,   -95.408,     0.630
 59645.963, 60500.000,   -80.952,     0.678
 17509.317, 60500.000,  -118.537,     0.827
 46766.460, 60500.000,   -69.388,     0.649
 12898.137, 60500.000,  -132.993,     0.859
 11705.590, 60500.000,   -92.517,     0.875
 28321.739, 60500.000,  -106.973,     0.656
 32932.919, 60500.000,   -63.605,     0.975
 15124.224, 60500.000,  -121.429,     0.824
 24028.571, 60500.000,  -109.864,     0.727
 58850.932, 60500.000,   -31.803,     0.275
 22200.000, 60500.000,  -106.973,     0.689
 54716.770, 60500.000,   -89.626,     0.635
 28480.745, 60500.000,  -127.211,     0.326
 57022.360, 60500.000,   -52.041,     0.882
 33171.429, 60500.000,   -92.517,     0.612
 11467.081, 60500.000,  -104.082,     0.839
 45017.391, 60500.000,   -83.844,     0.670
 28321.739, 60500.000,   -83.844,     0.567
 36908.075, 60500.000,   -80.952,     0.593
 19099.379, 60500.000,   -63.605,     0.898
 26811.180, 60500.000,  -106.973,     0.741
 59327.950, 60500.000,  -106.973,     0.683
 22279.503, 60500.000,   -63.605,     0.937
 14567.702, 60500.000,  -104.082,     0.819
 38418.634, 60500.000,   -54.932,     0.951
 28162.733, 60500.000,   -52.041,     0.973
 57101.863, 60500.000,   -60.714,     0.782
 57101.863, 60500.000,   -89.626,     0.680
 60361.491, 60500.000,   -98.299,     0.725
 56147.826, 60500.000,  -109.864,     0.894
 18622.360, 60500.000,  -124.320,     0.914
  9479.503, 60500.000,  -101.190,     0.843
 22438.509, 60500.000,   -72.279,     0.859
 59566.460, 60500.000,  -106.973,     0.929
 24744.099, 60500.000,   -80.952,     0.637
 23233.540, 60500.000,   -54.932,     0.922
 34602.484, 60500.000,   -34.694,     0.294
 35874.534, 60500.000,   -89.626,     0.690
 43506.832, 60500.000,   -98.299,     0.859
 18145.342, 60500.000,  -112.755,     0.792
 31104.348, 60500.000,   -89.626,     0.643
 31501.863, 60500.000,   -34.694,     0.902
 18463.354, 60500.000,   -78.061,     0.847
 47879.503, 60500.000,   -46.259,     0.992
 55432.298, 60500.000,   -31.803,     0.278
 22995.031, 60500.000,   -49.150,     0.933
 43109.317, 60500.000,  -101.190,     0.882
 15203.727, 60500.000,   -89.626,     0.827
 59486.957, 60500.000,  -121.429,     0.500
 48913.043, 60500.000,   -60.714,     0.898
 25857.143, 60500.000,   -80.952,     0.588
 10354.037, 60500.000,  -124.320,     0.602
 39213.665, 60500.000,  -118.537,     0.525
 10990.062, 60500.000,  -112.755,     0.811
 18224.845, 60500.000,  -101.190,     0.839
 59407.453, 60500.000,   -31.803,     0.282
 15283.230, 60500.000,   -98.299,     0.834
 49469.565, 60500.000,  -115.646,     0.931
 17747.826, 60500.000,   -40.476,     0.914
 45732.919, 60500.000,  -115.646,     0.895
 44540.373, 60500.000,   -95.408,     0.855
 40326.708, 60500.000,   -98.299,     0.710
 21166.460, 60500.000,   -54.932,     0.898
 15839.752, 60500.000,  -121.429,     0.838
 41916.770, 60500.000,   -34.694,     0.894
 29037.267, 60500.000,  -104.082,     0.610
 56863.354, 60500.000,   -49.150,     0.886
 42473.292, 60500.000,   -89.626,     0.699
 10513.043, 60500.000,   -83.844,     0.875
 45096.894, 60500.000,   -34.694,     0.882
 38339.130, 60500.000,   -40.476,     0.953
 29355.280, 60500.000,   -60.714,     0.953
 35238.509, 60500.000,   -54.932,     0.957
 33171.429, 60500.000,   -34.694,     0.294
 53444.720, 60500.000,   -95.408,     0.628
 54319.255, 60500.000,  -118.537,     0.485
 26254.658, 60500.000,  -112.755,     0.634
 37226.087, 60500.000,  -112.755,     0.933
 45414.907, 60500.000,  -104.082,     0.942
 33489.441, 60500.000,   -57.823,     0.980
 32614.907, 60500.000,   -43.367,     0.981
 21802.484, 60500.000,  -132.993,     0.267
 24267.081, 60500.000,  -101.190,     0.612
 17429.814, 60500.000,   -49.150,     0.902
 56465.839, 60500.000,  -106.973,     0.715
 13772.671, 60500.000,   -78.061,     0.814
 18304.348, 60500.000,  -124.320,     0.953
 29434.783, 60500.000,   -89.626,     0.638
 44778.882, 60500.000,   -46.259,     0.906
 25539.130, 60500.000,   -34.694,     0.290
 31978.882, 60500.000,  -109.864,     0.694
 16475.776, 60500.000,  -115.646,     0.808
 27208.696, 60500.000,   -60.714,     0.983
 20212.422, 60500.000,   -37.585,     0.914
 22836.025, 60500.000,  -104.082,     0.690
 36510.559, 60500.000,   -72.279,     0.776
 29514.286, 60500.000,  -101.190,     0.635
 44460.870, 60500.000,   -46.259,     0.925
 56545.342, 60500.000,   -80.952,     0.704
 30627.329, 60500.000,  -115.646,     0.527
 36351.553, 60500.000,   -46.259,     0.929
 55591.304, 60500.000,   -46.259,     0.875
 45096.894, 60500.000,   -75.170,     0.574
 24744.099, 60500.000,  -112.755,     0.550
 45017.391, 60500.000,   -69.388,     0.585
 50185.093, 60500.000,   -37.585,     0.894
 21881.988, 60500.000,   -54.932,     0.910
 44301.863, 60500.000,   -98.299,     0.878
 15680.745, 60500.000,  -115.646,     0.831
 45971.429, 60500.000,  -109.864,     0.977
 28321.739, 60500.000,  -104.082,     0.624
 58135.404, 60500.000,  -118.537,     0.974
 14170.186, 60500.000,  -101.190,     0.855
 51377.640, 60500.000,   -46.259,     0.945
 18860.870, 60500.000,   -92.517,     0.814
 35397.516, 60500.000,   -57.823,     0.957
  9479.503, 60500.000,   -57.823,     0.831
 34920.497, 60500.000,   -72.279,     0.773
 21802.484, 60500.000,   -52.041,     0.922
 22756.522, 60500.000,   -43.367,     0.949
 39134.161, 60500.000,   -57.823,     0.953
 52093.168, 60500.000,   -72.279,     0.576
 17747.826, 60500.000,   -69.388,     0.847
 13693.168, 60500.000,  -101.190,     0.875
 17032.298, 60500.000,   -66.497,     0.839
 51059.627, 60500.000,  -109.864,     0.686
 16237.267, 60500.000,  -124.320,     0.643
 15760.248, 60500.000,  -112.755,     0.805
 38259.627, 60500.000,   -43.367,     0.973
 46845.963, 60500.000,  -106.973,     0.949
 14567.702, 60500.000,  -121.429,     0.831
 12103.106, 60500.000,   -43.367,     0.882
 33727.950, 60500.000,   -49.150,     0.969
 12421.118, 60500.000,  -115.646,     0.768
 58691.925, 60500.000,  -101.190,     0.784
 30945.342, 60500.000,   -49.150,     0.965
 34681.988, 60500.000,   -40.476,     0.953
 44381.366, 60500.000,   -54.932,     0.914
 37544.099, 60500.000,   -86.735,     0.591
 48992.547, 60500.000,   -54.932,     0.979
 45017.391, 60500.000,   -43.367,     0.933
 57658.385, 60500.000,   -89.626,     0.598
 13295.652, 60500.000,  -124.320,     0.839
 58294.410, 60500.000,   -37.585,     0.969
 34761.491, 60500.000,   -40.476,     0.937
 28321.739, 60500.000,   -69.388,     0.859
 24823.602, 60500.000,   -86.735,     0.611
 13216.149, 60500.000,  -106.973,     0.831
 53603.727, 60500.000,   -37.585,     0.918
 37862.112, 60500.000,   -75.170,     0.623
 17588.820, 60500.000,   -98.299,     0.839
 23392.547, 60500.000,   -37.585,     0.922
 42473.292, 60500.000,   -54.932,     0.941
 29673.292, 60500.000,  -118.537,     0.945
 51616.149, 60500.000,   -34.694,     0.894
 26016.149, 60500.000,   -75.170,     0.725
 11387.578, 60500.000,  -138.776,     0.416
 48277.019, 60500.000,   -89.626,     0.652
 47959.006, 60500.000,   -63.605,     0.877
 10433.540, 60500.000,   -86.735,     0.871
 31342.857, 60500.000,   -34.694,     0.886
 13613.665, 60500.000,  -118.537,     0.863
 17906.832, 60500.000,  -106.973,     0.827
 18542.857, 60500.000,   -63.605,     0.878
 34761.491, 60500.000,   -34.694,     0.290
 33409.938, 60500.000,   -63.605,     0.973
 38180.124, 60500.000,   -31.803,     0.282
 56783.851, 60500.000,   -80.952,     0.689
 44699.379, 60500.000,  -109.864,     0.928
 60440.994, 60500.000,  -101.190,     0.898
 43188.820, 60500.000,   -28.912,     0.271
 37067.081, 60500.000,   -83.844,     0.618
 21802.484, 60500.000,   -60.714,     0.945
 38816.149, 60500.000,   -75.170,     0.549
 15442.236, 60500.000,   -92.517,     0.819
 46925.466, 60500.000,   -63.605,     0.725
 12421.118, 60500.000,   -72.279,     0.843
 38021.118, 60500.000,   -86.735,     0.631
 26016.149, 60500.000,   -37.585,     0.914
 36908.075, 60500.000,   -92.517,     0.609
 21325.466, 60500.000,   -46.259,     0.937
 33250.932, 60500.000,  -112.755,     0.842
 57260.870, 60500.000,   -69.388,     0.766
 46766.460, 60500.000,   -83.844,     0.598
 24823.602, 60500.000,   -54.932,     0.993
 16555.280, 60500.000,   -92.517,     0.776
 21961.491, 60500.000,   -43.367,     0.894
 38895.652, 60500.000,   -92.517,     0.584
 15680.745, 60500.000,   -80.952,     0.820
 42711.801, 60500.000,   -75.170,     0.568
 21007.453, 60500.000,   -40.476,     0.922
 33091.925, 60500.000,  -104.082,     0.668
 11387.578, 60500.000,  -115.646,     0.713
 46845.963, 60500.000,   -92.517,     0.739
 31422.360, 60500.000,   -52.041,     0.993
 47322.981, 60500.000,   -69.388,     0.689
 30388.820, 60500.000,   -43.367,     0.906
 54557.764, 60500.000,  -118.537,     0.901
 13295.652, 60500.000,   -49.150,     0.867
 34602.484, 60500.000,   -75.170,     0.706
 43983.851, 60500.000,  -101.190,     0.925
 25380.124, 60500.000,  -101.190,     0.697
 31422.360, 60500.000,  -106.973,     0.710
 22438.509, 60500.000,   -63.605,     0.929
 12739.130, 60500.000,  -130.102,     0.859
 36590.062, 60500.000,   -83.844,     0.616
 44858.385, 60500.000,  -104.082,     0.952
 52808.696, 60500.000,   -34.694,     0.894
 50980.124, 60500.000,   -92.517,     0.796
 27606.211, 60500.000,  -109.864,     0.790
 54557.764, 60500.000,   -89.626,     0.553
 52570.186, 60500.000,   -66.497,     0.553
 20848.447, 60500.000,  -106.973,     0.790
 13931.677, 60500.000,   -66.497,     0.878
 28401.242, 60500.000,   -69.388,     0.878
 21007.453, 60500.000,   -52.041,     0.914
 18065.839, 60500.000,   -54.932,     0.882
 49628.571, 60500.000,   -28.912,     0.271
 58532.919, 60500.000,  -121.429,     0.526
 42711.801, 60500.000,   -92.517,     0.723
 44381.366, 60500.000,   -69.388,     0.662
 50344.099, 60500.000,   -78.061,     0.581
 53921.739, 60500.000,   -80.952,     0.595
 48356.522, 60500.000,   -66.497,     0.785
 10513.043, 60500.000,  -127.211,     0.675
 30150.311, 60500.000,  -115.646,     0.814
 51934.161, 60500.000,   -57.823,     0.789
 19814.907, 60500.000,   -57.823,     0.918
 53047.205, 60500.000,   -66.497,     0.668
 10036.025, 60500.000,   -80.952,     0.871
 26811.180, 60500.000,   -75.170,     0.694
 14011.180, 60500.000,   -63.605,     0.855
 10036.025, 60500.000,  -127.211,     0.820
 60122.981, 60500.000,   -78.061,     0.730
 49708.075, 60500.000,   -52.041,     0.894
 47243.478, 60500.000,   -34.694,     0.898
 41757.764, 60500.000,   -80.952,     0.543
 18542.857, 60500.000,   -69.388,     0.863
 26175.155, 60500.000,   -46.259,     0.914
 29434.783, 60500.000,   -40.476,     0.937
 12341.615, 60500.000,  -106.973,     0.843
 45176.398, 60500.000,   -89.626,     0.771
 43745.342, 60500.000,   -78.061,     0.554
 29673.292, 60500.000,   -66.497,     0.941
  9400.000, 60500.000,  -138.776,     0.790
  9559.006, 60500.000,  -127.211,     0.871
 29514.286, 60500.000,  -127.211,     0.340
 38021.118, 60500.000,   -60.714,     0.937
 20609.938, 60500.000,   -66.497,     0.890
 34920.497, 60500.000,  -104.082,     0.566
 43904.348, 60500.000,   -46.259,     0.949
 51695.652, 60500.000,   -28.912,     0.271
 33966.460, 60500.000,   -86.735,     0.598
 41042.236, 60500.000,   -43.367,     0.941
 38736.646, 60500.000,   -40.476,     0.949
 12977.640, 60500.000,   -89.626,     0.821
 17429.814, 60500.000,   -40.476,     0.910
 12977.640, 60500.000,  -106.973,     0.922
 52172.671, 60500.000,  -106.973,     0.814
 23790.062, 60500.000,   -69.388,     0.863
  9400.000, 60500.000,   -52.041,     0.824
 53365.217, 60500.000,  -106.973,     0.937
 20053.416, 60500.000,   -52.041,     0.961
 59407.453, 60500.000,   -37.585,     0.933
 18383.851, 60500.000,   -83.844,     0.794
 45891.925, 60500.000,   -49.150,     0.925
 42234.783, 60500.000,   -86.735,     0.680
 15839.752, 60500.000,   -37.585,     0.886
 27208.696, 60500.000,   -52.041,     0.979
 58214.907, 60500.000,  -115.646,     0.933
 32932.919, 60500.000,   -80.952,     0.521
 39054.658, 60500.000,   -69.388,     0.758
 55750.311, 60500.000,  -106.973,     0.569
 16714.286, 60500.000,   -89.626,     0.816
 35397.516, 60500.000,  -101.190,     0.621
 31819.876, 60500.000,   -60.714,     0.971
 11228.571, 60500.000,  -101.190,     0.989
 12659.627, 60500.000,   -52.041,     0.871
 10910.559, 60500.000,  -127.211,     0.677
 57976.398, 60500.000,   -66.497,     0.661
 60600.000, 60500.000,   -75.170,     0.800
 46607.453, 60500.000,  -104.082,     0.982
 52411.180, 60500.000,   -78.061,     0.530
 37782.609, 60500.000,  -106.973,     0.830
 21245.963, 60500.000,  -118.537,     0.598
 59566.460, 60500.000,  -115.646,     0.965
 34204.969, 60500.000,  -127.211,     0.310
 45891.925, 60500.000,   -43.367,     0.933
 34204.969, 60500.000,  -101.190,     0.566
 42155.280, 60500.000,  -109.864,     0.956
 12898.137, 60500.000,   -46.259,     0.918
 48913.043, 60500.000,   -34.694,     0.914
 21643.478, 60500.000,   -40.476,     0.937
 55193.789, 60500.000,   -54.932,     0.890
 43109.317, 60500.000,   -89.626,     0.673
 34045.963, 60500.000,  -124.320,     0.580
 25777.640, 60500.000,  -101.190,     0.698
 20291.925, 60500.000,  -127.211,     0.677
 20371.429, 60500.000,   -60.714,     0.933
 32296.894, 60500.000,   -46.259,     0.957
 24664.596, 60500.000,   -92.517,     0.758
 10910.559, 60500.000,  -124.320,     0.595
 35636.025, 60500.000,  -101.190,     0.579
 58771.429, 60500.000,   -83.844,     0.690
 17191.304, 60500.000,   -57.823,     0.859
 38498.137, 60500.000,   -40.476,     0.937
 54557.764, 60500.000,   -78.061,     0.666
 21722.981, 60500.000,   -80.952,     0.670
 45176.398, 60500.000,   -54.932,     0.867
 49469.565, 60500.000,   -78.061,     0.597
 17509.317, 60500.000,   -78.061,     0.816
 26731.677, 60500.000,   -92.517,     0.734
 51934.161, 60500.000,   -34.694,     0.894
 57419.876, 60500.000,   -40.476,     0.902
 60281.988, 60500.000,   -52.041,     0.941
 39134.161, 60500.000,   -37.585,     0.922
 33886.957, 60500.000,   -66.497,     0.914
 56545.342, 60500.000,   -34.694,     0.898
 23790.062, 60500.000,  -112.755,     0.808
 50026.087, 60500.000,  -115.646,     0.366
 47322.981, 60500.000,   -98.299,     0.871
 20927.950, 60500.000,   -80.952,     0.784
 31342.857, 60500.000,   -43.367,     0.953
 44460.870, 60500.000,   -66.497,     0.720
 22438.509, 60500.000,   -92.517,     0.744
 41042.236, 60500.000,  -112.755,     0.941
 37305.590, 60500.000,   -43.367,     0.937
 29037.267, 60500.000,  -101.190,     0.614
 30070.807, 60500.000,   -54.932,     0.988
 19099.379, 60500.000,   -72.279,     0.847
 40167.702, 60500.000,  -101.190,     0.820
 57578.882, 60500.000,   -60.714,     0.790
 58691.925, 60500.000,   -46.259,     0.898
 55511.801, 60500.000,   -72.279,     0.843
 43665.839, 60500.000,   -34.694,     0.890
 24744.099, 60500.000,  -121.429,     0.722
 27447.205, 60500.000,   -52.041,     0.945
 44301.863, 60500.000,   -66.497,     0.742
 38895.652, 60500.000,   -63.605,     0.918
 48754.037, 60500.000,   -40.476,     0.960
 23869.565, 60500.000,   -86.735,     0.687
 17032.298, 60500.000,   -54.932,     0.871
 43347.826, 60500.000,   -37.585,     0.925
 58850.932, 60500.000,   -52.041,     0.875
 55750.311, 60500.000,   -37.585,     0.902
 40883.230, 60500.000,   -60.714,     0.882
 40247.205, 60500.000,   -34.694,     0.898
 46448.447, 60500.000,   -43.367,     0.910
 43983.851, 60500.000,  -115.646,     0.533
 36510.559, 60500.000,   -63.605,     0.949
 49310.559, 60500.000,   -31.803,     0.871
 20530.435, 60500.000,   -89.626,     0.741
 41519.255, 60500.000,   -34.694,     0.890
 29037.267, 60500.000,   -66.497,     0.902
 19417.391, 60500.000,  -127.211,     0.717
 36987.578, 60500.000,  -109.864,     0.797
 45971.429, 60500.000,   -57.823,     0.827
 45096.894, 60500.000,   -37.585,     0.898
 34522.981, 60500.000,  -112.755,     0.816
 25141.615, 60500.000,   -54.932,     0.925
 55352.795, 60500.000,   -69.388,     0.820
 45255.901, 60500.000,  -109.864,     0.915
 52888.199, 60500.000,   -31.803,     0.878
 18383.851, 60500.000,  -101.190,     0.812
 54637.267, 60500.000,   -66.497,     0.855
 54398.758, 60500.000,   -78.061,     0.638
 49549.068, 60500.000,   -43.367,     0.933
 48754.037, 60500.000,   -34.694,     0.910
 33330.435, 60500.000,  -118.537,     0.714
 15680.745, 60500.000,   -34.694,     0.282
 24903.106, 60500.000,   -78.061,     0.626
 49072.050, 60500.000,   -66.497,     0.685
 29037.267, 60500.000,   -83.844,     0.595
 11467.081, 60500.000,  -132.993,     0.882
 54080.745, 60500.000,   -66.497,     0.800
 20212.422, 60500.000,   -89.626,     0.751
 14090.683, 60500.000,   -60.714,     0.859
 14647.205, 60500.000,   -75.170,     0.851
 17827.329, 60500.000,  -130.102,     0.735
 31342.857, 60500.000,   -49.150,     0.984
 21245.963, 60500.000,   -46.259,     0.933
 35397.516, 60500.000,   -46.259,     0.949
 35795.031, 60500.000,   -80.952,     0.673
 33966.460, 60500.000,   -34.694,     0.290
 12898.137, 60500.000,   -49.150,     0.910
 26016.149, 60500.000,  -109.864,     0.715
 50423.602, 60500.000,   -37.585,     0.925
 36033.540, 60500.000,   -57.823,     0.961
 50980.124, 60500.000,   -72.279,     0.548
 26731.677, 60500.000,   -83.844,     0.594
 11467.081, 60500.000,   -66.497,     0.835
 48913.043, 60500.000,  -104.082,     0.894
 30468.323, 60500.000,  -109.864,     0.525
 32853.416, 60500.000,   -60.714,     0.978
 10274.534, 60500.000,   -92.517,     0.839
 17906.832, 60500.000,   -86.735,     0.732
 59884.472, 60500.000,   -78.061,     0.742
 32137.888, 60500.000,   -46.259,     0.987
 28639.752, 60500.000,  -112.755,     0.798
 32853.416, 60500.000,   -34.694,     0.298
 24187.578, 60500.000,   -34.694,     0.290
 45017.391, 60500.000,   -40.476,     0.922
 52411.180, 60500.000,   -69.388,     0.493
 14408.696, 60500.000,   -75.170,     0.835
 42075.776, 60500.000,   -66.497,     0.764
 54160.248, 60500.000,   -31.803,     0.278
 16396.273, 60500.000,   -57.823,     0.847
 43904.348, 60500.000,  -106.973,     0.978
 47959.006, 60500.000,  -109.864,     0.882
 18463.354, 60500.000,  -130.102,     0.735
 12659.627, 60500.000,   -86.735,     0.824
 26652.174, 60500.000,   -60.714,     0.984
 53921.739, 60500.000,   -54.932,     0.925
 35159.006, 60500.000,  -115.646,     0.863
 47163.975, 60500.000,   -40.476,     0.929
 51775.155, 60500.000,   -40.476,     0.953
 56465.839, 60500.000,   -63.605,     0.744
 53206.211, 60500.000,   -69.388,     0.591
 18542.857, 60500.000,  -124.320,     0.918
 44142.857, 60500.000,   -75.170,     0.547
 23154.037, 60500.000,   -49.150,     0.953
 14647.205, 60500.000,  -130.102,     0.799
 54955.280, 60500.000,  -112.755,     0.787
 29911.801, 60500.000,   -52.041,     0.969
 57340.373, 60500.000,   -31.803,     0.278
 24823.602, 60500.000,   -37.585,     0.922
 51298.137, 60500.000,  -104.082,     0.854
 32455.901, 60500.000,  -127.211,     0.375
 24505.590, 60500.000,   -49.150,     0.973
 46050.932, 60500.000,  -118.537,     0.524
 48595.031, 60500.000,   -54.932,     0.984
 20053.416, 60500.000,  -124.320,     0.599
 26095.652, 60500.000,  -106.973,     0.699
 39849.689, 60500.000,  -106.973,     0.957
 31183.851, 60500.000,   -89.626,     0.633
 10831.056, 60500.000,   -78.061,     0.875
 13613.665, 60500.000,  -104.082,     0.855
 43188.820, 60500.000,   -63.605,     0.800
 38498.137, 60500.000,   -31.803,     0.282
 37544.099, 60500.000,   -75.170,     0.652
 48356.522, 60500.000,   -86.735,     0.642
 14726.708, 60500.000,  -101.190,     0.871
 17906.832, 60500.000,   -60.714,     0.882
 54398.758, 60500.000,   -54.932,     0.922
 19814.907, 60500.000,   -69.388,     0.875
 15919.255, 60500.000,   -95.408,     0.902
 30388.820, 60500.000,  -104.082,     0.626
 24346.584, 60500.000,  -118.537,     0.689
 15521.739, 60500.000,   -52.041,     0.867
 49390.062, 60500.000,  -106.973,     0.966
 37782.609, 60500.000,   -46.259,     0.984
 31819.876, 60500.000,   -40.476,     0.945
 13852.174, 60500.000,  -101.190,     0.827
 46527.950, 60500.000,   -52.041,     0.863
 35079.503, 60500.000,   -34.694,     0.290
 32058.385, 60500.000,   -40.476,     0.961
 55750.311, 60500.000,   -95.408,     0.647
 30388.820, 60500.000,   -86.735,     0.732
 39611.180, 60500.000,   -63.605,     0.855
 51139.130, 60500.000,   -63.605,     0.666
 58373.913, 60500.000,   -95.408,     0.678
 38100.621, 60500.000,   -52.041,     0.972
 46289.441, 60500.000,   -54.932,     0.843
 18224.845, 60500.000,   -72.279,     0.859
 47402.484, 60500.000,   -57.823,     0.875
 16316.770, 60500.000,   -57.823,     0.851
 27447.205, 60500.000,  -106.973,     0.800
 46925.466, 60500.000,   -80.952,     0.571
 50105.590, 60500.000,   -52.041,     0.890
 20053.416, 60500.000,   -57.823,     0.929
 50344.099, 60500.000,   -43.367,     0.933
 37544.099, 60500.000,   -95.408,     0.598
 47879.503, 60500.000,   -72.279,     0.628
 13693.168, 60500.000,  -118.537,     0.859
 33648.447, 60500.000,   -80.952,     0.630
 11626.087, 60500.000,  -124.320,     0.806
 49151.553, 60500.000,   -72.279,     0.594
 55591.304, 60500.000,   -49.150,     0.855
 13772.671, 60500.000,  -135.884,     0.358
 57737.888, 60500.000,   -69.388,     0.675
 29037.267, 60500.000,   -60.714,     0.980
 46209.938, 60500.000,   -89.626,     0.769
 23074.534, 60500.000,   -92.517,     0.710
 31263.354, 60500.000,   -34.694,     0.890
 46130.435, 60500.000,  -109.864,     0.959
 24028.571, 60500.000,   -63.605,     0.937
 13295.652, 60500.000,   -98.299,     0.875
 35874.534, 60500.000,   -60.714,     0.945
 49708.075, 60500.000,   -54.932,     0.875
 46050.932, 60500.000,  -115.646,     0.945
 16714.286, 60500.000,  -106.973,     0.795
 15203.727, 60500.000,   -78.061,     0.827
 60202.484, 60500.000,  -115.646,     0.867
 25936.646, 60500.000,   -89.626,     0.722
 45335.404, 60500.000,  -118.537,     0.519
 60440.994, 60500.000,   -78.061,     0.797
 50026.087, 60500.000,   -78.061,     0.520
 21404.969, 60500.000,   -69.388,     0.890
 50264.596, 60500.000,   -80.952,     0.624
 44063.354, 60500.000,  -115.646,     0.533
 56863.354, 60500.000,   -63.605,     0.765
 10195.031, 60500.000,   -95.408,     0.835
 51854.658, 60500.000,  -101.190,     0.890
 37862.112, 60500.000,   -95.408,     0.611
 54398.758, 60500.000,   -80.952,     0.610
 54716.770, 60500.000,   -98.299,     0.583
 16316.770, 60500.000,   -49.150,     0.898
 44858.385, 60500.000,  -118.537,     0.500
 19099.379, 60500.000,  -115.646,     0.671
 31024.845, 60500.000,  -115.646,     0.755
 43188.820, 60500.000,  -109.864,     0.914
 58135.404, 60500.000,  -104.082,     0.723
 22279.503, 60500.000,   -40.476,     0.925
 16873.292, 60500.000,   -72.279,     0.882
  9877.019, 60500.000,   -69.388,     0.847
 32932.919, 60500.000,   -54.932,     0.971
 60043.478, 60500.000,   -43.367,     0.945
 21007.453, 60500.000,   -34.694,     0.286
 53921.739, 60500.000,   -52.041,     0.941
 32853.416, 60500.000,   -69.388,     0.838
 19576.398, 60500.000,   -98.299,     0.878
 26652.174, 60500.000,   -89.626,     0.625
 56227.329, 60500.000,  -121.429,     0.484
 18701.863, 60500.000,   -57.823,     0.882
 47959.006, 60500.000,   -49.150,     0.994
 57181.366, 60500.000,  -115.646,     0.960
 58055.901, 60500.000,   -86.735,     0.683
 15919.255, 60500.000,   -43.367,     0.894
 12500.621, 60500.000,  -104.082,     0.898
 16714.286, 60500.000,  -132.993,     0.534
 12898.137, 60500.000,  -127.211,     0.749
 35318.012, 60500.000,   -75.170,     0.753
 12182.609, 60500.000,  -109.864,     0.786
 51934.161, 60500.000,   -49.150,     0.902
 10195.031, 60500.000,  -135.884,     0.851
 10910.559, 60500.000,   -83.844,     0.863
 55352.795, 60500.000,   -80.952,     0.801
 11387.578, 60500.000,   -52.041,     0.831
 48833.540, 60500.000,  -101.190,     0.819
 24585.093, 60500.000,   -69.388,     0.890
 54001.242, 60500.000,   -72.279,     0.692
 34443.478, 60500.000,   -52.041,     0.988
 55432.298, 60500.000,  -106.973,     0.578
 24346.584, 60500.000,   -34.694,     0.294
 27288.199, 60500.000,   -98.299,     0.730
 28480.745, 60500.000,  -104.082,     0.555
 21802.484, 60500.000,  -104.082,     0.824
 58135.404, 60500.000,   -83.844,     0.678
 11467.081, 60500.000,  -106.973,     0.769
 34284.472, 60500.000,   -92.517,     0.612
 30786.335, 60500.000,   -60.714,     0.989
 60043.478, 60500.000,   -78.061,     0.723
 40485.714, 60500.000,   -78.061,     0.538
 58612.422, 60500.000,   -80.952,     0.751
 24108.075, 60500.000,   -78.061,     0.720
 18224.845, 60500.000,   -60.714,     0.890
 13613.665, 60500.000,   -92.517,     0.898
 43109.317, 60500.000,   -72.279,     0.631
 20530.435, 60500.000,  -135.884,     0.282
 54875.776, 60500.000,   -60.714,     0.906
 41678.261, 60500.000,   -63.605,     0.929
 31263.354, 60500.000,   -43.367,     0.953
 15124.224, 60500.000,   -95.408,     0.855
 44460.870, 60500.000,   -78.061,     0.578
 37862.112, 60500.000,   -98.299,     0.613
 55432.298, 60500.000,  -115.646,     0.902
 52570.186, 60500.000,   -86.735,     0.666
 19178.882, 60500.000,  -112.755,     0.613
 33648.447, 60500.000,   -89.626,     0.645
 43109.317, 60500.000,  -109.864,     0.922
 15362.733, 60500.000,   -54.932,     0.890
 13852.174, 60500.000,  -127.211,     0.790
 17668.323, 60500.000,   -46.259,     0.914
 12182.609, 60500.000,   -69.388,     0.843
 32455.901, 60500.000,   -72.279,     0.739
 25380.124, 60500.000,   -83.844,     0.673
 34125.466, 60500.000,   -37.585,     0.918
 16555.280, 60500.000,  -101.190,     0.794
 40803.727, 60500.000,  -112.755,     0.984
 37464.596, 60500.000,   -72.279,     0.739
 25936.646, 60500.000,   -69.388,     0.855
 21484.472, 60500.000,   -43.367,     0.941
 21484.472, 60500.000,  -109.864,     0.549
 14090.683, 60500.000,  -104.082,     0.863
 50185.093, 60500.000,   -80.952,     0.624
 44460.870, 60500.000,  -118.537,     0.518
 48038.509, 60500.000,   -31.803,     0.875
 53842.236, 60500.000,  -106.973,     0.925
 40724.224, 60500.000,  -104.082,     0.937
 57419.876, 60500.000,  -112.755,     0.771
 16634.783, 60500.000,   -49.150,     0.890
 32296.894, 60500.000,  -112.755,     0.959
 18860.870, 60500.000,   -75.170,     0.847
 22040.994, 60500.000,  -121.429,     0.605
 49787.578, 60500.000,   -46.259,     0.944
 44222.360, 60500.000,   -72.279,     0.647
 43824.845, 60500.000,   -69.388,     0.680
 34204.969, 60500.000,   -43.367,     0.949
 55193.789, 60500.000,  -109.864,     0.794
 31104.348, 60500.000,  -101.190,     0.654
 40883.230, 60500.000,   -69.388,     0.661
 13852.174, 60500.000,   -75.170,     0.847
 12818.634, 60500.000,   -89.626,     0.792
 10433.540, 60500.000,   -72.279,     0.875
 15362.733, 60500.000,  -118.537,     0.859
 43586.335, 60500.000,   -49.150,     0.973
 36431.056, 60500.000,   -34.694,     0.286
 30388.820, 60500.000,   -98.299,     0.692
 34920.497, 60500.000,   -75.170,     0.678
 19894.410, 60500.000,  -121.429,     0.585
 33250.932, 60500.000,   -43.367,     0.977
 59645.963, 60500.000,  -112.755,     0.981
 13772.671, 60500.000,   -98.299,     0.871
 24903.106, 60500.000,   -83.844,     0.546
 39770.186, 60500.000,   -37.585,     0.937
 57499.379, 60500.000,   -80.952,     0.704
 52729.193, 60500.000,   -57.823,     0.804
 60440.994, 60500.000,  -118.537,     0.927
 23233.540, 60500.000,   -83.844,     0.720
 39849.689, 60500.000,   -40.476,     0.965
 19735.404, 60500.000,   -75.170,     0.835
 48595.031, 60500.000,   -78.061,     0.500
 22279.503, 60500.000,   -66.497,     0.922
 45732.919, 60500.000,   -57.823,     0.847
 51377.640, 60500.000,   -37.585,     0.922
 42473.292, 60500.000,  -101.190,     0.894
 19655.901, 60500.000,   -52.041,     0.894
 52093.168, 60500.000,   -28.912,     0.267
 48436.025, 60500.000,   -60.714,     0.859
 30547.826, 60500.000,  -109.864,     0.552
 18224.845, 60500.000,   -89.626,     0.827
 28083.230, 60500.000,   -49.150,     0.976
 38975.155, 60500.000,   -34.694,     0.886
 51139.130, 60500.000,   -92.517,     0.810
 52411.180, 60500.000,  -101.190,     0.930
 57181.366, 60500.000,   -52.041,     0.867
 56704.348, 60500.000,   -75.170,     0.741
 58214.907, 60500.000,   -80.952,     0.702
 52013.665, 60500.000,   -52.041,     0.863
 18224.845, 60500.000,  -118.537,     0.889
  9718.012, 60500.000,   -89.626,     0.855
 32932.919, 60500.000,   -69.388,     0.853
 32217.391, 60500.000,  -101.190,     0.673
 22756.522, 60500.000,  -104.082,     0.668
 15998.758, 60500.000,   -66.497,     0.843
 32137.888, 60500.000,   -40.476,     0.957
 20053.416, 60500.000,  -101.190,     0.830
 10354.037, 60500.000,   -98.299,     0.851
 20689.441, 60500.000,   -60.714,     0.902
 46527.950, 60500.000,   -78.061,     0.656
 15919.255, 60500.000,   -69.388,     0.855
 57499.379, 60500.000,   -31.803,     0.278
 23710.559, 60500.000,  -127.211,     0.378
 19655.901, 60500.000,  -101.190,     0.863
 14726.708, 60500.000,   -49.150,     0.890
 44858.385, 60500.000,   -80.952,     0.607
 57896.894, 60500.000,   -40.476,     0.925
 56863.354, 60500.000,   -40.476,     0.910
 36987.578, 60500.000,   -83.844,     0.610
 41837.267, 60500.000,   -34.694,     0.894
 43506.832, 60500.000,   -92.517,     0.713
 17350.311, 60500.000,   -95.408,     0.843
 29832.298, 60500.000,   -49.150,     0.969
 15362.733, 60500.000,  -130.102,     0.845
 11149.068, 60500.000,   -69.388,     0.867
 42552.795, 60500.000,   -40.476,     0.945
 32535.404, 60500.000,  -101.190,     0.581
 43347.826, 60500.000,   -80.952,     0.560
 19019.876, 60500.000,   -78.061,     0.801
 30945.342, 60500.000,   -80.952,     0.631
 50423.602, 60500.000,   -78.061,     0.535
 51059.627, 60500.000,   -60.714,     0.762
 55750.311, 60500.000,  -104.082,     0.545
 22836.025, 60500.000,   -57.823,     0.925
 38577.640, 60500.000,   -66.497,     0.823
  9718.012, 60500.000,  -130.102,     0.863
 21961.491, 60500.000,   -80.952,     0.756
 17986.335, 60500.000,   -92.517,     0.827
 16396.273, 60500.000,   -46.259,     0.918
 58453.416, 60500.000,   -80.952,     0.671
  9400.000, 60500.000,  -135.884,     0.812
 43268.323, 60500.000,   -60.714,     0.875
 13772.671, 60500.000,  -112.755,     0.851
 53762.733, 60500.000,   -43.367,     0.961
 15760.248, 60500.000,   -37.585,     0.886
 32773.913, 60500.000,   -95.408,     0.584
 38339.130, 60500.000,  -101.190,     0.546
 55829.814, 60500.000,  -109.864,     0.682
  9479.503, 60500.000,   -46.259,     0.839
 10354.037, 60500.000,   -80.952,     0.902
 34522.981, 60500.000,   -40.476,     0.941
 37544.099, 60500.000,  -124.320,     0.309
 20291.925, 60500.000,  -104.082,     0.839
 22915.528, 60500.000,  -121.429,     0.696
 40803.727, 60500.000,   -31.803,     0.878
 59884.472, 60500.000,   -49.150,     0.910
 18622.360, 60500.000,   -83.844,     0.802
 21404.969, 60500.000,   -83.844,     0.739
 30547.826, 60500.000,   -83.844,     0.711
 15680.745, 60500.000,  -101.190,     0.843
 57499.379, 60500.000,  -106.973,     0.715
 26334.161, 60500.000,   -57.823,     0.978
 39690.683, 60500.000,   -72.279,     0.595
 24982.609, 60500.000,  -118.537,     0.738
 22995.031, 60500.000,  -127.211,     0.682
 37305.590, 60500.000,  -112.755,     0.851
 58771.429, 60500.000,   -43.367,     0.902
 27924.224, 60500.000,  -124.320,     0.883
 29752.795, 60500.000,   -63.605,     0.963
 59963.975, 60500.000,   -40.476,     0.925
 35318.012, 60500.000,   -54.932,     0.929
 31342.857, 60500.000,   -52.041,     0.994
 34602.484, 60500.000,   -80.952,     0.574
 39611.180, 60500.000,   -72.279,     0.664
 59168.944, 60500.000,  -118.537,     0.925
 40485.714, 60500.000,   -60.714,     0.894
  9877.019, 60500.000,   -83.844,     0.863
 53683.230, 60500.000,   -95.408,     0.585
 25221.118, 60500.000,   -54.932,     0.918
 28321.739, 60500.000,   -46.259,     0.973
 34920.497, 60500.000,   -46.259,     0.993
 43745.342, 60500.000,   -72.279,     0.621
 24823.602, 60500.000,  -115.646,     0.613
 58373.913, 60500.000,   -49.150,     0.981
 35636.025, 60500.000,   -54.932,     0.965
 29752.795, 60500.000,   -92.517,     0.603
 18145.342, 60500.000,   -83.844,     0.760
 48118.012, 60500.000,   -89.626,     0.666
 47243.478, 60500.000,   -66.497,     0.704
 45176.398, 60500.000,   -75.170,     0.603
 23472.050, 60500.000,  -104.082,     0.699
 41996.273, 60500.000,   -83.844,     0.637
 45891.925, 60500.000,   -86.735,     0.750
 38816.149, 60500.000,   -34.694,     0.898
 11387.578, 60500.000,   -63.605,     0.831
 22279.503, 60500.000,  -130.102,     0.547
 13295.652, 60500.000,  -104.082,     0.839
 28878.261, 60500.000,   -92.517,     0.645
 42473.292, 60500.000,   -75.170,     0.588
 36510.559, 60500.000,   -83.844,     0.658
 16237.267, 60500.000,   -49.150,     0.886
 10513.043, 60500.000,   -49.150,     0.816
 53206.211, 60500.000,   -75.170,     0.523
 57499.379, 60500.000,  -104.082,     0.670
 37544.099, 60500.000,   -49.150,     0.993
 43268.323, 60500.000,   -40.476,     0.953
 16475.776, 60500.000,  -135.884,     0.255
 14408.696, 60500.000,   -89.626,     0.779
 13454.658, 60500.000,  -104.082,     0.835
 52808.696, 60500.000,   -52.041,     0.902
 48515.528, 60500.000,   -34.694,     0.910
 58214.907, 60500.000,  -118.537,     0.977
 48913.043, 60500.000,  -101.190,     0.832
 46368.944, 60500.000,   -49.150,     0.878
 21961.491, 60500.000,  -124.320,     0.614
 13057.143, 60500.000,   -54.932,     0.886
 40167.702, 60500.000,  -112.755,     0.977
 19576.398, 60500.000,   -37.585,     0.929
 54796.273, 60500.000,   -83.844,     0.690
 32694.410, 60500.000,   -40.476,     0.976
 59168.944, 60500.000,  -101.190,     0.534
 58612.422, 60500.000,   -54.932,     0.851
 26970.186, 60500.000,   -34.694,     0.290
 17986.335, 60500.000,   -60.714,     0.855
 37862.112, 60500.000,   -52.041,     0.991
 36987.578, 60500.000,   -37.585,     0.922
 23392.547, 60500.000,   -66.497,     0.941
 59248.447, 60500.000,   -31.803,     0.282
 40883.230, 60500.000,   -83.844,     0.626
 12818.634, 60500.000,  -130.102,     0.878
 19576.398, 60500.000,   -83.844,     0.805
 41996.273, 60500.000,  -115.646,     0.490
 29991.304, 60500.000,   -72.279,     0.776
 38021.118, 60500.000,   -46.259,     0.988
 52013.665, 60500.000,  -115.646,     0.298
 48754.037, 60500.000,   -46.259,     0.974
 42393.789, 60500.000,   -66.497,     0.713
 26970.186, 60500.000,   -60.714,     0.965
 40247.205, 60500.000,   -78.061,     0.581
 34284.472, 60500.000,   -37.585,     0.918
 22200.000, 60500.000,   -43.367,     0.937
 31183.851, 60500.000,   -34.694,     0.894
 45414.907, 60500.000,   -66.497,     0.687
 41201.242, 60500.000,   -63.605,     0.843
 43904.348, 60500.000,   -52.041,     0.933
 52172.671, 60500.000,   -80.952,     0.618
 38259.627, 60500.000,  -104.082,     0.655
 43745.342, 60500.000,   -86.735,     0.604
 11149.068, 60500.000,   -98.299,     0.945
 14488.199, 60500.000,   -40.476,     0.898
 17032.298, 60500.000,   -95.408,     0.835
 39372.671, 60500.000,  -106.973,     0.967
 36431.056, 60500.000,   -92.517,     0.702
 58135.404, 60500.000,   -43.367,     0.976
 54319.255, 60500.000,   -83.844,     0.539
 27288.199, 60500.000,  -104.082,     0.668
 22995.031, 60500.000,   -92.517,     0.723
 20689.441, 60500.000,  -127.211,     0.595
 52411.180, 60500.000,   -83.844,     0.625
 21086.957, 60500.000,   -95.408,     0.801
 58771.429, 60500.000,   -72.279,     0.786
 16714.286, 60500.000,   -66.497,     0.867
 42234.783, 60500.000,   -54.932,     0.925
 60361.491, 60500.000,   -89.626,     0.573
 22200.000, 60500.000,   -66.497,     0.933
 51616.149, 60500.000,   -83.844,     0.682
 30468.323, 60500.000,  -127.211,     0.274
 26731.677, 60500.000,  -127.211,     0.411
 30150.311, 60500.000,   -54.932,     0.976
 41916.770, 60500.000,   -92.517,     0.683
 20530.435, 60500.000,   -66.497,     0.890
 50582.609, 60500.000,   -83.844,     0.618
 27288.199, 60500.000,   -57.823,     0.979
 38736.646, 60500.000,   -86.735,     0.606
 22120.497, 60500.000,   -37.585,     0.910
 50503.106, 60500.000,   -92.517,     0.757
 33886.957, 60500.000,   -46.259,     0.972
 23869.565, 60500.000,  -106.973,     0.706
 29116.770, 60500.000,   -37.585,     0.922
 13931.677, 60500.000,   -37.585,     0.333
 55193.789, 60500.000,   -43.367,     0.949
 43665.839, 60500.000,   -89.626,     0.650
 38816.149, 60500.000,  -101.190,     0.738
 16157.764, 60500.000,   -40.476,     0.902
 52172.671, 60500.000,   -52.041,     0.882
 28480.745, 60500.000,  -115.646,     0.777
 14170.186, 60500.000,   -69.388,     0.886
 40883.230, 60500.000,   -37.585,     0.925
 42711.801, 60500.000,   -83.844,     0.635
 10354.037, 60500.000,  -141.667,     0.427
 11864.596, 60500.000,   -83.844,     0.882
 21007.453, 60500.000,   -49.150,     0.922
 41121.739, 60500.000,   -40.476,     0.941
 24823.602, 60500.000,  -106.973,     0.564
 52888.199, 60500.000,   -78.061,     0.619
 48754.037, 60500.000,   -31.803,     0.882
 49549.068, 60500.000,  -104.082,     0.975
 14170.186, 60500.000,   -40.476,     0.890
 14408.696, 60500.000,   -69.388,     0.882
 12341.615, 60500.000,  -109.864,     0.796
 13772.671, 60500.000,   -66.497,     0.871
 52649.689, 60500.000,   -72.279,     0.522
 10751.553, 60500.000,  -101.190,     0.894
 32853.416, 60500.000,  -101.190,     0.544
 33489.441, 60500.000,   -78.061,     0.725
 18463.354, 60500.000,  -118.537,     0.791
 13136.646, 60500.000,  -132.993,     0.851
 15521.739, 60500.000,  -104.082,     0.812
 40565.217, 60500.000,   -34.694,     0.902
 32217.391, 60500.000,   -92.517,     0.649
 51616.149, 60500.000,  -101.190,     0.914
 16873.292, 60500.000,  -135.884,     0.247
 54557.764, 60500.000,   -54.932,     0.914
 32376.398, 60500.000,  -112.755,     0.960
 53365.217, 60500.000,   -86.735,     0.551
 48754.037, 60500.000,   -80.952,     0.574
 54319.255, 60500.000,   -98.299,     0.678
 40644.720, 60500.000,  -106.973,     0.980
 26731.677, 60500.000,   -78.061,     0.592
 25062.112, 60500.000,   -98.299,     0.754
 13772.671, 60500.000,  -130.102,     0.764
 15919.255, 60500.000,   -49.150,     0.863
 22677.019, 60500.000,   -49.150,     0.965
 10036.025, 60500.000,  -121.429,     0.723
 26095.652, 60500.000,  -101.190,     0.767
 54080.745, 60500.000,   -83.844,     0.546
 43427.329, 60500.000,   -83.844,     0.551
 38736.646, 60500.000,   -43.367,     0.969
 48913.043, 60500.000,   -63.605,     0.827
 43586.335, 60500.000,  -104.082,     0.971
 11228.571, 60500.000,   -52.041,     0.804
 35954.037, 60500.000,   -72.279,     0.798
 44142.857, 60500.000,   -37.585,     0.910
 36113.043, 60500.000,  -109.864,     0.682
 12262.112, 60500.000,   -75.170,     0.863
 17906.832, 60500.000,  -132.993,     0.560
 57896.894, 60500.000,   -89.626,     0.754
 46845.963, 60500.000,   -40.476,     0.957
 26095.652, 60500.000,   -43.367,     0.922
 37782.609, 60500.000,   -80.952,     0.574
 34284.472, 60500.000,   -78.061,     0.609
 41837.267, 60500.000,   -31.803,     0.871
 28003.727, 60500.000,   -89.626,     0.649
 46209.938, 60500.000,  -112.755,     0.988
 23472.050, 60500.000,   -98.299,     0.750
 35318.012, 60500.000,  -115.646,     0.782
 46209.938, 60500.000,   -92.517,     0.801
 51059.627, 60500.000,   -72.279,     0.536
 42155.280, 60500.000,   -92.517,     0.711
 54239.752, 60500.000,   -34.694,     0.894
 50582.609, 60500.000,   -34.694,     0.910
 13693.168, 60500.000,  -112.755,     0.843
 18701.863, 60500.000,  -101.190,     0.882
 51059.627, 60500.000,  -104.082,     0.889
 42155.280, 60500.000,   -80.952,     0.595
 41598.758, 60500.000,   -57.823,     0.984
 13136.646, 60500.000,   -43.367,     0.894
 49151.553, 60500.000,  -101.190,     0.882
 13216.149, 60500.000,  -132.993,     0.855
 47481.988, 60500.000,   -54.932,     0.922
 10433.540, 60500.000,   -78.061,     0.886
 37782.609, 60500.000,   -34.694,     0.906
 32853.416, 60500.000,   -43.367,     0.986
 43506.832, 60500.000,   -60.714,     0.902
 23710.559, 60500.000,  -101.190,     0.671
 40088.199, 60500.000,   -92.517,     0.626
 57499.379, 60500.000,   -52.041,     0.871
 30786.335, 60500.000,   -63.605,     0.988
 14885.714, 60500.000,  -118.537,     0.867
 17906.832, 60500.000,   -66.497,     0.855
 18383.851, 60500.000,   -89.626,     0.793
 24187.578, 60500.000,  -118.537,     0.618
 49469.565, 60500.000,   -57.823,     0.851
 30786.335, 60500.000,  -121.429,     0.625
 15044.720, 60500.000,  -101.190,     0.789
 22836.025, 60500.000,   -66.497,     0.894
 27049.689, 60500.000,   -66.497,     0.898
 17032.298, 60500.000,  -104.082,     0.824
 12182.609, 60500.000,   -43.367,     0.882
 53206.211, 60500.000,   -83.844,     0.522
 26334.161, 60500.000,   -80.952,     0.609
 35000.000, 60500.000,  -124.320,     0.510
 59089.441, 60500.000,   -34.694,     0.929
  9877.019, 60500.000,   -63.605,     0.835
 32376.398, 60500.000,   -98.299,     0.677
 53842.236, 60500.000,   -49.150,     0.953
 57737.888, 60500.000,   -63.605,     0.664
 37782.609, 60500.000,   -57.823,     0.945
 21643.478, 60500.000,   -75.170,     0.804
 10195.031, 60500.000,   -43.367,     0.831
 29752.795, 60500.000,   -46.259,     0.971
 45096.894, 60500.000,   -28.912,     0.267
 49946.584, 60500.000,  -115.646,     0.386
 58930.435, 60500.000,  -115.646,     0.965
 21563.975, 60500.000,   -66.497,     0.933
 13136.646, 60500.000,  -121.429,     0.748
 16793.789, 60500.000,   -95.408,     0.871
 56863.354, 60500.000,  -104.082,     0.838
 18304.348, 60500.000,   -63.605,     0.890
 56942.857, 60500.000,   -60.714,     0.790
 24664.596, 60500.000,   -75.170,     0.747
 29832.298, 60500.000,   -98.299,     0.644
 48515.528, 60500.000,   -43.367,     0.978
 17111.801, 60500.000,   -54.932,     0.878
 42075.776, 60500.000,   -37.585,     0.918
 21643.478, 60500.000,   -66.497,     0.922
 30865.839, 60500.000,   -89.626,     0.704
 30706.832, 60500.000,   -86.735,     0.682
 17509.317, 60500.000,   -69.388,     0.863
 25777.640, 60500.000,   -72.279,     0.778
 40962.733, 60500.000,   -72.279,     0.637
 24982.609, 60500.000,   -98.299,     0.760
 17668.323, 60500.000,   -89.626,     0.806
 14806.211, 60500.000,  -106.973,     0.808
 52331.677, 60500.000,  -104.082,     0.856
 51218.634, 60500.000,   -86.735,     0.671
 15760.248, 60500.000,  -106.973,     0.790
 59168.944, 60500.000,   -75.170,     0.706
 29752.795, 60500.000,  -124.320,     0.788
 53683.230, 60500.000,   -98.299,     0.645
 44381.366, 60500.000,  -112.755,     0.949
 58771.429, 60500.000,   -95.408,     0.741
 26890.683, 60500.000,   -54.932,     0.973
 32694.410, 60500.000,   -54.932,     0.925
 12023.602, 60500.000,  -127.211,     0.886
 45017.391, 60500.000,   -49.150,     0.929
 18304.348, 60500.000,  -109.864,     0.727
 54875.776, 60500.000,   -86.735,     0.664
 38975.155, 60500.000,  -112.755,     0.921
 36033.540, 60500.000,   -46.259,     0.973
 23949.068, 60500.000,   -43.367,     0.933
 28957.764, 60500.000,   -40.476,     0.945
 49072.050, 60500.000,   -28.912,     0.271
 15839.752, 60500.000,  -101.190,     0.843
 28719.255, 60500.000,   -40.476,     0.937
 26334.161, 60500.000,   -83.844,     0.602
  9479.503, 60500.000,   -63.605,     0.839
 10513.043, 60500.000,  -138.776,     0.851
 29752.795, 60500.000,   -80.952,     0.547
 45017.391, 60500.000,   -60.714,     0.783
 56624.845, 60500.000,   -60.714,     0.799
 53524.224, 60500.000,   -43.367,     0.933
 22836.025, 60500.000,  -130.102,     0.315
 45494.410, 60500.000,  -118.537,     0.482
 22279.503, 60500.000,   -37.585,     0.910
 19417.391, 60500.000,   -52.041,     0.910
 56386.335, 60500.000,  -109.864,     0.799
 50185.093, 60500.000,   -72.279,     0.595
 29911.801, 60500.000,   -57.823,     0.992
 10513.043, 60500.000,   -43.367,     0.835
 31024.845, 60500.000,  -118.537,     0.746
 46607.453, 60500.000,   -66.497,     0.711
 29196.273, 60500.000,  -115.646,     0.898
 39134.161, 60500.000,   -95.408,     0.596
 12421.118, 60500.000,   -57.823,     0.801
 30865.839, 60500.000,   -72.279,     0.848
 28878.261, 60500.000,  -104.082,     0.633
 40962.733, 60500.000,   -52.041,     0.957
 42870.807, 60500.000,   -89.626,     0.621
 39293.168, 60500.000,   -89.626,     0.597
 53126.708, 60500.000,   -54.932,     0.952
 57181.366, 60500.000,   -40.476,     0.918
 27844.720, 60500.000,   -89.626,     0.649
 25062.112, 60500.000,   -37.585,     0.906
 26334.161, 60500.000,   -46.259,     0.980
 56704.348, 60500.000,  -121.429,     0.492
 21007.453, 60500.000,   -80.952,     0.790
 53842.236, 60500.000,   -80.952,     0.588
 12580.124, 60500.000,  -112.755,     0.693
 38577.640, 60500.000,   -54.932,     0.961
 25300.621, 60500.000,   -34.694,     0.286
 43745.342, 60500.000,   -31.803,     0.871
 42552.795, 60500.000,   -92.517,     0.738
 21325.466, 60500.000,   -49.150,     0.933
 16157.764, 60500.000,  -101.190,     0.827
 53603.727, 60500.000,  -101.190,     0.757
 18940.373, 60500.000,   -66.497,     0.867
 28878.261, 60500.000,   -80.952,     0.538
 40644.720, 60500.000,  -109.864,     0.978
 19178.882, 60500.000,   -37.585,     0.910
 19019.876, 60500.000,  -135.884,     0.250
 44540.373, 60500.000,   -34.694,     0.890
 18542.857, 60500.000,  -115.646,     0.773
 53524.224, 60500.000,   -37.585,     0.906
 14647.205, 60500.000,   -72.279,     0.867
 23710.559, 60500.000,  -112.755,     0.681
 47402.484, 60500.000,  -104.082,     0.972
 60600.000, 60500.000,   -95.408,     0.888
 57737.888, 60500.000,   -92.517,     0.738
 43824.845, 60500.000,   -75.170,     0.584
 11864.596, 60500.000,  -135.884,     0.382
 28957.764, 60500.000,   -89.626,     0.637
 50105.590, 60500.000,   -46.259,     0.929
 39849.689, 60500.000,   -75.170,     0.529
 46766.460, 60500.000,   -75.170,     0.626
 45732.919, 60500.000,   -98.299,     0.918
  9797.516, 60500.000,   -40.476,     0.275
 50026.087, 60500.000,   -52.041,     0.957
 28560.248, 60500.000,  -106.973,     0.651
 30706.832, 60500.000,   -83.844,     0.684
 15521.739, 60500.000,   -98.299,     0.855
 22040.994, 60500.000,   -66.497,     0.953
 23631.056, 60500.000,   -34.694,     0.286
 42393.789, 60500.000,   -54.932,     0.933
 32296.894, 60500.000,   -89.626,     0.630
 27606.211, 60500.000,   -52.041,     0.929
 10433.540, 60500.000,  -141.667,     0.435
 30229.814, 60500.000,  -118.537,     0.770
 12977.640, 60500.000,  -127.211,     0.710
 43824.845, 60500.000,   -49.150,     0.941
 47163.975, 60500.000,   -80.952,     0.607
 27844.720, 60500.000,   -49.150,     0.957
 10990.062, 60500.000,  -132.993,     0.785
 50741.615, 60500.000,   -78.061,     0.581
 13057.143, 60500.000,  -130.102,     0.782
 49072.050, 60500.000,   -31.803,     0.882
 26016.149, 60500.000,   -46.259,     0.941
 19099.379, 60500.000,  -130.102,     0.696
 24108.075, 60500.000,   -46.259,     0.941
 39531.677, 60500.000,   -83.844,     0.611
 45812.422, 60500.000,   -89.626,     0.748
 56704.348, 60500.000,   -92.517,     0.635
 33330.435, 60500.000,   -34.694,     0.286
 23631.056, 60500.000,  -104.082,     0.593
 51695.652, 60500.000,   -49.150,     0.910
 28798.758, 60500.000,  -115.646,     0.867
 30229.814, 60500.000,   -86.735,     0.690
 46766.460, 60500.000,   -80.952,     0.602
 48277.019, 60500.000,   -37.585,     0.906
 12103.106, 60500.000,  -121.429,     0.855
 27765.217, 60500.000,   -60.714,     0.961
 58612.422, 60500.000,  -118.537,     0.970
 40008.696, 60500.000,   -92.517,     0.643
 29037.267, 60500.000,  -112.755,     0.789
 14170.186, 60500.000,   -57.823,     0.859
 26572.671, 60500.000,   -69.388,     0.832
 26572.671, 60500.000,   -95.408,     0.713
 51934.161, 60500.000,   -60.714,     0.722
 56704.348, 60500.000,   -78.061,     0.711
 11546.584, 60500.000,  -127.211,     0.851
 35556.522, 60500.000,   -43.367,     0.961
 58691.925, 60500.000,   -72.279,     0.778
 34045.963, 60500.000,  -104.082,     0.638
 31819.876, 60500.000,   -83.844,     0.597
 29196.273, 60500.000,   -80.952,     0.526
 48913.043, 60500.000,   -31.803,     0.882
 46925.466, 60500.000,   -60.714,     0.794
 43506.832, 60500.000,   -80.952,     0.535
 24346.584, 60500.000,   -66.497,     0.933
 29911.801, 60500.000,   -40.476,     0.914
 39054.658, 60500.000,   -89.626,     0.574
 25380.124, 60500.000,  -109.864,     0.552
 41678.261, 60500.000,   -83.844,     0.555
 18065.839, 60500.000,  -106.973,     0.813
 36272.050, 60500.000,  -106.973,     0.610
 10751.553, 60500.000,   -78.061,     0.867
 13454.658, 60500.000,   -92.517,     0.902
 55670.807, 60500.000,   -52.041,     0.827
 24346.584, 60500.000,   -78.061,     0.619
 39134.161, 60500.000,   -80.952,     0.527
 28878.261, 60500.000,   -37.585,     0.918
 50980.124, 60500.000,   -78.061,     0.541
 22040.994, 60500.000,   -37.585,     0.898
 15044.720, 60500.000,   -43.367,     0.894
 37226.087, 60500.000,   -86.735,     0.626
 27844.720, 60500.000,   -83.844,     0.568
 26572.671, 60500.000,  -121.429,     0.894
 38021.118, 60500.000,  -115.646,     0.819
 12580.124, 60500.000,  -121.429,     0.762
 16714.286, 60500.000,   -69.388,     0.871
 50741.615, 60500.000,   -83.844,     0.631
 42155.280, 60500.000,  -112.755,     0.937
 58453.416, 60500.000,   -31.803,     0.282
 45096.894, 60500.000,   -43.367,     0.925
 20609.938, 60500.000,  -104.082,     0.847
 58294.410, 60500.000,   -83.844,     0.656
 41439.752, 60500.000,   -54.932,     0.965
 27129.193, 60500.000,   -66.497,     0.918
 25300.621, 60500.000,   -63.605,     0.925
  9638.509, 60500.000,   -60.714,     0.839
 43188.820, 60500.000,   -83.844,     0.631
  9877.019, 60500.000,   -52.041,     0.820
 36828.571, 60500.000,   -69.388,     0.842
 12977.640, 60500.000,  -121.429,     0.662
 12341.615, 60500.000,  -104.082,     0.890
 31819.876, 60500.000,   -78.061,     0.636
 45812.422, 60500.000,  -101.190,     0.974
 39372.671, 60500.000,   -95.408,     0.680
 14726.708, 60500.000,   -40.476,     0.902
 35954.037, 60500.000,  -118.537,     0.556
 42473.292, 60500.000,   -34.694,     0.890
 46448.447, 60500.000,   -89.626,     0.741
 12580.124, 60500.000,   -40.476,     0.898
 40088.199, 60500.000,   -78.061,     0.543
 28878.261, 60500.000,   -57.823,     0.977
 24585.093, 60500.000,   -57.823,     0.992
 19019.876, 60500.000,   -34.694,     0.290
 39690.683, 60500.000,   -37.585,     0.929
 41757.764, 60500.000,  -112.755,     0.947
 20848.447, 60500.000,   -46.259,     0.918
 20291.925, 60500.000,  -106.973,     0.804
 32535.404, 60500.000,   -54.932,     0.974
 10831.056, 60500.000,  -138.776,     0.420
 46766.460, 60500.000,   -28.912,     0.271
 35715.528, 60500.000,  -109.864,     0.751
 29275.776, 60500.000,   -78.061,     0.538
 21325.466, 60500.000,  -109.864,     0.602
 18781.366, 60500.000,   -34.694,     0.282
 24346.584, 60500.000,   -80.952,     0.586
 25221.118, 60500.000,   -72.279,     0.822
 19735.404, 60500.000,  -124.320,     0.671
 46766.460, 60500.000,   -52.041,     0.890
 51775.155, 60500.000,   -52.041,     0.922
 14885.714, 60500.000,   -37.585,     0.882
 59089.441, 60500.000,  -106.973,     0.687
 57181.366, 60500.000,   -86.735,     0.671
 43586.335, 60500.000,   -57.823,     0.929
 29593.789, 60500.000,   -72.279,     0.766
 43904.348, 60500.000,   -40.476,     0.929
 18463.354, 60500.000,   -60.714,     0.867
 51934.161, 60500.000,   -69.388,     0.563
 33886.957, 60500.000,   -49.150,     0.975
 48674.534, 60500.000,   -78.061,     0.521
 37464.596, 60500.000,   -49.150,     0.988
 41598.758, 60500.000,   -28.912,     0.267
 49628.571, 60500.000,   -78.061,     0.597
 53524.224, 60500.000,  -106.973,     0.898
 24982.609, 60500.000,   -83.844,     0.633
 54001.242, 60500.000,   -86.735,     0.564
 43983.851, 60500.000,   -28.912,     0.271
 19576.398, 60500.000,   -60.714,     0.894
 59248.447, 60500.000,  -121.429,     0.535
 30945.342, 60500.000,   -40.476,     0.925
 26493.168, 60500.000,   -66.497,     0.882
 57896.894, 60500.000,   -98.299,     0.808
 11546.584, 60500.000,   -37.585,     0.282
 34443.478, 60500.000,   -89.626,     0.635
 32614.907, 60500.000,   -66.497,     0.937
 38816.149, 60500.000,   -86.735,     0.587
 50503.106, 60500.000,   -40.476,     0.957
 11149.068, 60500.000,   -54.932,     0.808
 19576.398, 60500.000,   -86.735,     0.806
 37226.087, 60500.000,  -106.973,     0.819
 56068.323, 60500.000,   -95.408,     0.730
 48277.019, 60500.000,   -28.912,     0.267
 34125.466, 60500.000,   -92.517,     0.600
 32455.901, 60500.000,   -37.585,     0.914
 56068.323, 60500.000,   -75.170,     0.779
 43347.826, 60500.000,   -72.279,     0.574
 48674.534, 60500.000,   -80.952,     0.536
 52490.683, 60500.000,   -49.150,     0.941
 52172.671, 60500.000,   -98.299,     0.956
 50344.099, 60500.000,   -60.714,     0.785
 52013.665, 60500.000,   -98.299,     0.952
 57022.360, 60500.000,   -37.585,     0.906
 50821.118, 60500.000,   -31.803,     0.878
 50662.112, 60500.000,   -60.714,     0.766
 15362.733, 60500.000,   -37.585,     0.890
 46766.460, 60500.000,   -46.259,     0.937
 50980.124, 60500.000,   -31.803,     0.878
 45891.925, 60500.000,   -75.170,     0.638
 24585.093, 60500.000,   -37.585,     0.922
 34761.491, 60500.000,   -83.844,     0.562
 56147.826, 60500.000,   -52.041,     0.839
 28401.242, 60500.000,  -112.755,     0.732
 43268.323, 60500.000,   -52.041,     0.984
 35318.012, 60500.000,   -37.585,     0.906
 24346.584, 60500.000,   -54.932,     0.984
 31342.857, 60500.000,   -46.259,     0.969
 29355.280, 60500.000,   -72.279,     0.734
 30468.323, 60500.000,  -112.755,     0.521
 33330.435, 60500.000,   -95.408,     0.659
 14647.205, 60500.000,   -40.476,     0.898
 31501.863, 60500.000,   -75.170,     0.625
 42473.292, 60500.000,   -83.844,     0.654
  9479.503, 60500.000,  -112.755,     0.824
 13454.658, 60500.000,   -78.061,     0.859
 54080.745, 60500.000,   -54.932,     0.980
 40485.714, 60500.000,  -109.864,     0.964
 23313.043, 60500.000,  -118.537,     0.699
 48992.547, 60500.000,   -89.626,     0.609
 29434.783, 60500.000,   -57.823,     0.978
 18542.857, 60500.000,   -83.844,     0.824
 21643.478, 60500.000,   -80.952,     0.658
 42870.807, 60500.000,   -40.476,     0.979
 34840.994, 60500.000,  -104.082,     0.539
 25539.130, 60500.000,   -46.259,     0.980
 54955.280, 60500.000,   -80.952,     0.756
 59248.447, 60500.000,   -72.279,     0.683
 19258.385, 60500.000,   -75.170,     0.847
 32773.913, 60500.000,  -115.646,     0.808
 42632.298, 60500.000,   -98.299,     0.851
 28242.236, 60500.000,  -101.190,     0.662
 52490.683, 60500.000,   -69.388,     0.510
 31342.857, 60500.000,   -92.517,     0.653
 22836.025, 60500.000,   -63.605,     0.910
 18542.857, 60500.000,  -106.973,     0.763
  9479.503, 60500.000,  -130.102,     0.855
 45017.391, 60500.000,   -66.497,     0.635
 38975.155, 60500.000,   -60.714,     0.945
 39611.180, 60500.000,   -89.626,     0.645
 11626.087, 60500.000,   -69.388,     0.863
 11864.596, 60500.000,   -72.279,     0.855
 45176.398, 60500.000,   -80.952,     0.642
 39531.677, 60500.000,   -86.735,     0.628
 22040.994, 60500.000,   -63.605,     0.961
 35477.019, 60500.000,   -78.061,     0.623
 34602.484, 60500.000,   -66.497,     0.929
 48833.540, 60500.000,   -78.061,     0.548
 41042.236, 60500.000,   -46.259,     0.953
 58214.907, 60500.000,   -89.626,     0.687
 24187.578, 60500.000,   -40.476,     0.937
 22359.006, 60500.000,   -57.823,     0.953
 10751.553, 60500.000,   -80.952,     0.871
 46130.435, 60500.000,   -49.150,     0.882
 22200.000, 60500.000,   -49.150,     0.945
 35000.000, 60500.000,  -118.537,     0.698
 32694.410, 60500.000,   -92.517,     0.554
 54398.758, 60500.000,   -52.041,     0.929
 37703.106, 60500.000,   -49.150,     0.991
 59168.944, 60500.000,   -63.605,     0.708
 46050.932, 60500.000,   -78.061,     0.675
 32137.888, 60500.000,  -121.429,     0.882
 56704.348, 60500.000,   -37.585,     0.922
 46527.950, 60500.000,   -80.952,     0.644
 41042.236, 60500.000,   -40.476,     0.925
 13295.652, 60500.000,  -106.973,     0.812
 15044.720, 60500.000,  -121.429,     0.847
 29593.789, 60500.000,   -46.259,     0.976
 15998.758, 60500.000,   -69.388,     0.859
 24028.571, 60500.000,  -101.190,     0.702
 20848.447, 60500.000,  -112.755,     0.678
 38100.621, 60500.000,   -49.150,     0.969
 26572.671, 60500.000,  -104.082,     0.602
 21484.472, 60500.000,  -104.082,     0.687
 52490.683, 60500.000,   -57.823,     0.780
 37623.602, 60500.000,   -80.952,     0.566
 52967.702, 60500.000,   -46.259,     0.953
 50582.609, 60500.000,   -40.476,     0.949
 15362.733, 60500.000,  -135.884,     0.350
 22518.012, 60500.000,   -98.299,     0.756
 48197.516, 60500.000,  -106.973,     0.918
 32217.391, 60500.000,   -60.714,     0.966
 54557.764, 60500.000,   -37.585,     0.910
 18383.851, 60500.000,   -66.497,     0.867
 46209.938, 60500.000,   -60.714,     0.794
 22756.522, 60500.000,   -78.061,     0.730
 44063.354, 60500.000,   -89.626,     0.683
 47084.472, 60500.000,   -52.041,     0.886
 37305.590, 60500.000,  -106.973,     0.776
 23631.056, 60500.000,   -66.497,     0.937
 39531.677, 60500.000,   -98.299,     0.805
 41916.770, 60500.000,  -101.190,     0.812
 24028.571, 60500.000,   -78.061,     0.682
 29593.789, 60500.000,   -60.714,     0.986
 36351.553, 60500.000,   -72.279,     0.867
 51457.143, 60500.000,   -43.367,     0.937
 35477.019, 60500.000,  -112.755,     0.800
 55193.789, 60500.000,   -75.170,     0.758
 20768.944, 60500.000,   -54.932,     0.906
 21484.472, 60500.000,   -40.476,     0.925
 35795.031, 60500.000,   -83.844,     0.673
 47243.478, 60500.000,   -72.279,     0.630
 13852.174, 60500.000,  -109.864,     0.824
 56306.832, 60500.000,   -57.823,     0.824
 44301.863, 60500.000,  -101.190,     0.937
 60281.988, 60500.000,   -40.476,     0.957
 21563.975, 60500.000,  -106.973,     0.698
 13613.665, 60500.000,   -83.844,     0.843
 22677.019, 60500.000,   -57.823,     0.953
 25857.143, 60500.000,   -63.605,     0.973
 19337.888, 60500.000,  -109.864,     0.673
 42234.783, 60500.000,   -37.585,     0.910
 34284.472, 60500.000,   -83.844,     0.564
 41121.739, 60500.000,   -37.585,     0.918
 18383.851, 60500.000,   -92.517,     0.809
 37623.602, 60500.000,   -83.844,     0.576
 23551.553, 60500.000,   -72.279,     0.810
 51695.652, 60500.000,   -72.279,     0.557
 32217.391, 60500.000,  -127.211,     0.409
 29911.801, 60500.000,   -69.388,     0.878
 41837.267, 60500.000,   -49.150,     0.976
 32535.404, 60500.000,   -34.694,     0.471
 17986.335, 60500.000,   -98.299,     0.898
 47879.503, 60500.000,   -37.585,     0.941
 20530.435, 60500.000,  -104.082,     0.830
 14329.193, 60500.000,   -72.279,     0.859
 53126.708, 60500.000,   -72.279,     0.589
 53842.236, 60500.000,   -31.803,     0.278
 15998.758, 60500.000,  -121.429,     0.774
 29593.789, 60500.000,   -69.388,     0.861
 29275.776, 60500.000,  -124.320,     0.802
 58055.901, 60500.000,   -37.585,     0.973
 23710.559, 60500.000,   -69.388,     0.867
 57499.379, 60500.000,  -109.864,     0.787
 57340.373, 60500.000,  -109.864,     0.732
 27924.224, 60500.000,   -86.735,     0.562
 27447.205, 60500.000,   -66.497,     0.882
 14806.211, 60500.000,   -34.694,     0.278
 39611.180, 60500.000,   -75.170,     0.620
 14408.696, 60500.000,   -83.844,     0.742
 29832.298, 60500.000,  -101.190,     0.642
 25936.646, 60500.000,  -101.190,     0.699
 43109.317, 60500.000,   -63.605,     0.798
 37146.584, 60500.000,   -63.605,     0.933
 58691.925, 60500.000,   -31.803,     0.275
 26890.683, 60500.000,   -49.150,     0.961
 10910.559, 60500.000,   -92.517,     0.886
 58850.932, 60500.000,  -109.864,     0.913
 26254.658, 60500.000,  -127.211,     0.354
 28798.758, 60500.000,   -86.735,     0.653
 13534.161, 60500.000,  -130.102,     0.812
 58771.429, 60500.000,  -104.082,     0.827
 31263.354, 60500.000,  -104.082,     0.665
 60600.000, 60500.000,  -112.755,     0.960
 23472.050, 60500.000,   -52.041,     0.992
 49469.565, 60500.000,   -60.714,     0.804
 51536.646, 60500.000,   -49.150,     0.914
  9559.006, 60500.000,  -141.667,     0.404
 38895.652, 60500.000,   -89.626,     0.571
 17270.807, 60500.000,   -86.735,     0.827
 21245.963, 60500.000,  -124.320,     0.648
 20450.932, 60500.000,   -69.388,     0.855
 45573.913, 60500.000,   -46.259,     0.929
 37782.609, 60500.000,   -86.735,     0.640
 56227.329, 60500.000,  -101.190,     0.730
 59327.950, 60500.000,   -52.041,     0.910
 37146.584, 60500.000,   -52.041,     0.973
 21404.969, 60500.000,   -63.605,     0.914
 49151.553, 60500.000,   -52.041,     0.962
 40167.702, 60500.000,   -43.367,     0.953
 37226.087, 60500.000,  -121.429,     0.839
 27129.193, 60500.000,   -43.367,     0.980
 31342.857, 60500.000,   -95.408,     0.631
 21404.969, 60500.000,   -57.823,     0.925
 38021.118, 60500.000,   -37.585,     0.922
 41837.267, 60500.000,   -40.476,     0.937
 59963.975, 60500.000,   -92.517,     0.642
 27844.720, 60500.000,   -34.694,     0.294
 31978.882, 60500.000,   -78.061,     0.538
 31581.366, 60500.000,   -69.388,     0.855
 57896.894, 60500.000,   -75.170,     0.772
 58294.410, 60500.000,   -98.299,     0.730
 25936.646, 60500.000,  -112.755,     0.686
 10274.534, 60500.000,   -95.408,     0.835
 33012.422, 60500.000,  -118.537,     0.812
 19178.882, 60500.000,  -127.211,     0.782
 40644.720, 60500.000,   -75.170,     0.579
 40962.733, 60500.000,  -101.190,     0.855
 22677.019, 60500.000,   -80.952,     0.686
 24028.571, 60500.000,   -95.408,     0.746
 31342.857, 60500.000,   -75.170,     0.666
 29593.789, 60500.000,   -49.150,     0.982
 27924.224, 60500.000,   -89.626,     0.621
 28321.739, 60500.000,  -109.864,     0.704
 24823.602, 60500.000,  -104.082,     0.638
 52490.683, 60500.000,   -86.735,     0.662
 34761.491, 60500.000,  -101.190,     0.518
 50026.087, 60500.000,   -95.408,     0.752
 54160.248, 60500.000,  -106.973,     0.859
 46448.447, 60500.000,   -80.952,     0.640
 10274.534, 60500.000,   -46.259,     0.831
 15839.752, 60500.000,   -60.714,     0.851
 19337.888, 60500.000,   -83.844,     0.767
  9400.000, 60500.000,   -89.626,     0.859
 26731.677, 60500.000,   -75.170,     0.637
 10592.547, 60500.000,   -83.844,     0.878
 29434.783, 60500.000,  -112.755,     0.797
 25141.615, 60500.000,   -66.497,     0.890
 54716.770, 60500.000,   -66.497,     0.886
 41916.770, 60500.000,   -43.367,     0.953
 55670.807, 60500.000,   -43.367,     0.894
 35556.522, 60500.000,   -60.714,     0.937
 25300.621, 60500.000,  -109.864,     0.612
 23154.037, 60500.000,  -101.190,     0.770
 17270.807, 60500.000,   -40.476,     0.902
 11705.590, 60500.000,  -121.429,     0.765
 54955.280, 60500.000,   -46.259,     0.929
 22915.528, 60500.000,   -43.367,     0.922
 60600.000, 60500.000,  -104.082,     0.964
 27288.199, 60500.000,  -124.320,     0.827
 26970.186, 60500.000,  -115.646,     0.771
 17270.807, 60500.000,  -112.755,     0.753
 40406.211, 60500.000,   -49.150,     0.979
 37067.081, 60500.000,  -106.973,     0.798
 37385.093, 60500.000,   -60.714,     0.914
 42075.776, 60500.000,   -78.061,     0.576
 11864.596, 60500.000,  -112.755,     0.816
 56783.851, 60500.000,   -31.803,     0.278
 34522.981, 60500.000,   -46.259,     0.969
 31740.373, 60500.000,   -46.259,     0.965
 18860.870, 60500.000,  -104.082,     0.804
 33250.932, 60500.000,   -98.299,     0.586
 37782.609, 60500.000,  -112.755,     0.918
 33886.957, 60500.000,   -92.517,     0.603
 52093.168, 60500.000,   -54.932,     0.851
 51616.149, 60500.000,  -115.646,     0.320
 17588.820, 60500.000,  -130.102,     0.694
 32137.888, 60500.000,   -80.952,     0.503
 39611.180, 60500.000,   -57.823,     0.922
 12262.112, 60500.000,  -109.864,     0.779
 32694.410, 60500.000,  -127.211,     0.286
 19814.907, 60500.000,  -109.864,     0.637
  9877.019, 60500.000,   -78.061,     0.863
 16793.789, 60500.000,  -101.190,     0.855
 46845.963, 60500.000,   -57.823,     0.842
 17111.801, 60500.000,  -109.864,     0.720
 18781.366, 60500.000,  -132.993,     0.525
 40724.224, 60500.000,  -112.755,     0.983
 26731.677, 60500.000,   -66.497,     0.882
 51775.155, 60500.000,   -78.061,     0.522
 21404.969, 60500.000,  -121.429,     0.562
  9479.503, 60500.000,   -83.844,     0.851
 21325.466, 60500.000,  -132.993,     0.264
 39293.168, 60500.000,  -115.646,     0.964
 33966.460, 60500.000,   -43.367,     0.945
 57340.373, 60500.000,   -69.388,     0.797
 20450.932, 60500.000,  -130.102,     0.623
 21961.491, 60500.000,   -57.823,     0.929
 31104.348, 60500.000,   -92.517,     0.654
 46925.466, 60500.000,   -95.408,     0.838
 17747.826, 60500.000,   -54.932,     0.890
 15124.224, 60500.000,   -83.844,     0.808
 23392.547, 60500.000,   -75.170,     0.739
 59963.975, 60500.000,   -66.497,     0.739
 21086.957, 60500.000,   -43.367,     0.929
 16316.770, 60500.000,   -89.626,     0.776
 40803.727, 60500.000,   -95.408,     0.737
 36987.578, 60500.000,   -95.408,     0.665
 18145.342, 60500.000,  -106.973,     0.732
 57896.894, 60500.000,   -80.952,     0.754
 28639.752, 60500.000,   -80.952,     0.558
 19576.398, 60500.000,   -75.170,     0.831
 25380.124, 60500.000,  -104.082,     0.635
 58294.410, 60500.000,   -52.041,     0.945
 26493.168, 60500.000,   -40.476,     0.945
 16793.789, 60500.000,   -83.844,     0.851
 27606.211, 60500.000,   -98.299,     0.738
 34204.969, 60500.000,   -89.626,     0.603
 30627.329, 60500.000,   -54.932,     0.937
 28321.739, 60500.000,  -121.429,     0.776
 52808.696, 60500.000,   -46.259,     0.933
 16078.261, 60500.000,   -95.408,     0.871
 28639.752, 60500.000,  -115.646,     0.839
 29593.789, 60500.000,   -52.041,     0.987
 29355.280, 60500.000,   -83.844,     0.516
 10115.528, 60500.000,  -104.082,     0.863
 41916.770, 60500.000,   -63.605,     0.886
 28957.764, 60500.000,   -80.952,     0.556
 23949.068, 60500.000,   -83.844,     0.668
 14329.193, 60500.000,  -109.864,     0.765
 23710.559, 60500.000,   -60.714,     0.969
 32217.391, 60500.000,   -95.408,     0.658
 47720.497, 60500.000,   -95.408,     0.704
 22200.000, 60500.000,   -95.408,     0.746
 14090.683, 60500.000,   -83.844,     0.816
 56704.348, 60500.000,   -98.299,     0.704
 52967.702, 60500.000,   -49.150,     0.941
 59645.963, 60500.000,   -52.041,     0.914
 26811.180, 60500.000,   -52.041,     0.973
 10592.547, 60500.000,   -72.279,     0.875
 20927.950, 60500.000,  -132.993,     0.513
 22120.497, 60500.000,   -66.497,     0.945
 16793.789, 60500.000,   -46.259,     0.894
 41360.248, 60500.000,   -28.912,     0.271
 59645.963, 60500.000,   -92.517,     0.642
 43268.323, 60500.000,   -95.408,     0.758
 58135.404, 60500.000,   -92.517,     0.698
 47402.484, 60500.000,   -31.803,     0.882
 15521.739, 60500.000,  -118.537,     0.823
 21881.988, 60500.000,   -66.497,     0.918
 19258.385, 60500.000,   -63.605,     0.937
 27844.720, 60500.000,   -63.605,     0.945
 18860.870, 60500.000,   -49.150,     0.918
 31581.366, 60500.000,   -52.041,     0.992
 59089.441, 60500.000,   -95.408,     0.535
 16475.776, 60500.000,   -66.497,     0.843
 12500.621, 60500.000,   -40.476,     0.890
 31024.845, 60500.000,   -34.694,     0.894
 40962.733, 60500.000,   -83.844,     0.653
 38657.143, 60500.000,   -40.476,     0.949
 32773.913, 60500.000,  -104.082,     0.562
 39611.180, 60500.000,   -83.844,     0.602
 10036.025, 60500.000,   -95.408,     0.843
 19576.398, 60500.000,   -49.150,     0.886
 29911.801, 60500.000,   -83.844,     0.609
 30627.329, 60500.000,   -89.626,     0.690
 36192.547, 60500.000,   -89.626,     0.696
 23710.559, 60500.000,   -92.517,     0.772
 15680.745, 60500.000,  -104.082,     0.816
 10513.043, 60500.000,   -75.170,     0.875
 16396.273, 60500.000,  -115.646,     0.808
 32455.901, 60500.000,   -98.299,     0.650
 47004.969, 60500.000,   -75.170,     0.634
 30547.826, 60500.000,   -95.408,     0.692
 47004.969, 60500.000,   -89.626,     0.673
 28719.255, 60500.000,   -34.694,     0.290
 38657.143, 60500.000,   -92.517,     0.640
 11864.596, 60500.000,   -69.388,     0.835
 38100.621, 60500.000,  -106.973,     0.726
 57737.888, 60500.000,   -40.476,     0.976
 12659.627, 60500.000,   -80.952,     0.820
 52888.199, 60500.000,  -101.190,     0.960
 26731.677, 60500.000,   -95.408,     0.771
 16316.770, 60500.000,   -63.605,     0.855
 36828.571, 60500.000,   -43.367,     0.984
 35556.522, 60500.000,  -101.190,     0.645
 18145.342, 60500.000,   -69.388,     0.878
 14726.708, 60500.000,  -132.993,     0.657
 20848.447, 60500.000,   -40.476,     0.914
 39611.180, 60500.000,  -109.864,     0.963
 37464.596, 60500.000,   -57.823,     0.945
 30388.820, 60500.000,  -124.320,     0.542
 24426.087, 60500.000,   -69.388,     0.863
 60520.497, 60500.000,  -118.537,     0.947
 31978.882, 60500.000,   -80.952,     0.512
 45017.391, 60500.000,   -80.952,     0.640
 44937.888, 60500.000,   -69.388,     0.619
 50026.087, 60500.000,   -75.170,     0.510
 47879.503, 60500.000,   -92.517,     0.595
 50900.621, 60500.000,   -57.823,     0.839
 25062.112, 60500.000,   -63.605,     0.922
 34602.484, 60500.000,  -106.973,     0.616
 16475.776, 60500.000,  -127.211,     0.604
 22518.012, 60500.000,  -112.755,     0.625
 57101.863, 60500.000,   -57.823,     0.810
 10751.553, 60500.000,   -54.932,     0.808
 55591.304, 60500.000,   -78.061,     0.818
 45494.410, 60500.000,  -106.973,     0.941
 27606.211, 60500.000,  -104.082,     0.774
 11228.571, 60500.000,   -72.279,     0.878
 51139.130, 60500.000,   -95.408,     0.890
 23869.565, 60500.000,  -118.537,     0.836
 17032.298, 60500.000,  -101.190,     0.843
 18542.857, 60500.000,  -118.537,     0.845
 55591.304, 60500.000,   -72.279,     0.839
 34045.963, 60500.000,   -63.605,     0.973
 40724.224, 60500.000,   -46.259,     0.953
 28083.230, 60500.000,   -66.497,     0.957
 27129.193, 60500.000,   -98.299,     0.647
  9956.522, 60500.000,   -49.150,     0.820
 50026.087, 60500.000,   -28.912,     0.275
 28162.733, 60500.000,   -69.388,     0.886
 16873.292, 60500.000,   -92.517,     0.851
 31024.845, 60500.000,   -86.735,     0.661
 38339.130, 60500.000,   -60.714,     0.976
 18622.360, 60500.000,   -80.952,     0.795
 52888.199, 60500.000,   -37.585,     0.918
 56306.832, 60500.000,  -112.755,     0.929
 42950.311, 60500.000,   -63.605,     0.780
 11387.578, 60500.000,   -78.061,     0.851
 16078.261, 60500.000,  -118.537,     0.784
 42711.801, 60500.000,   -60.714,     0.853
 24108.075, 60500.000,  -118.537,     0.697
 25936.646, 60500.000,   -66.497,     0.922
 28242.236, 60500.000,   -95.408,     0.717
 15283.230, 60500.000,   -37.585,     0.886
 14488.199, 60500.000,   -86.735,     0.795
 41678.261, 60500.000,  -104.082,     0.890
 23313.043, 60500.000,   -98.299,     0.799
 38100.621, 60500.000,  -101.190,     0.663
 28401.242, 60500.000,   -63.605,     0.980
 50185.093, 60500.000,   -86.735,     0.662
 52729.193, 60500.000,   -37.585,     0.910
 33966.460, 60500.000,   -63.605,     0.969
 43109.317, 60500.000,   -66.497,     0.727
  9718.012, 60500.000,   -69.388,     0.851
 60122.981, 60500.000,   -57.823,     0.830
 28480.745, 60500.000,  -109.864,     0.628
 24903.106, 60500.000,  -115.646,     0.741
 35159.006, 60500.000,   -37.585,     0.910
  9638.509, 60500.000,   -57.823,     0.835
 24108.075, 60500.000,   -83.844,     0.695
 29752.795, 60500.000,  -101.190,     0.618
 22279.503, 60500.000,   -60.714,     0.945
 22040.994, 60500.000,   -89.626,     0.739
 13613.665, 60500.000,   -40.476,     0.878
 46766.460, 60500.000,   -98.299,     0.933
 45494.410, 60500.000,   -89.626,     0.762
 14249.689, 60500.000,  -124.320,     0.859
 28401.242, 60500.000,   -95.408,     0.638
 24744.099, 60500.000,   -92.517,     0.763
 28798.758, 60500.000,   -89.626,     0.692
 48754.037, 60500.000,   -69.388,     0.670
 53921.739, 60500.000,   -57.823,     0.906
 23869.565, 60500.000,   -72.279,     0.789
 28083.230, 60500.000,   -98.299,     0.634
 48118.012, 60500.000,  -106.973,     0.941
 39054.658, 60500.000,   -80.952,     0.528
 33568.944, 60500.000,  -106.973,     0.531
 17350.311, 60500.000,   -69.388,     0.851
 54637.267, 60500.000,   -69.388,     0.831
 17747.826, 60500.000,   -60.714,     0.871
 44142.857, 60500.000,   -80.952,     0.553
 18542.857, 60500.000,  -132.993,     0.585
  9797.516, 60500.000,   -43.367,     0.835
  9559.006, 60500.000,  -121.429,     0.867
 31978.882, 60500.000,   -98.299,     0.557
 45971.429, 60500.000,   -89.626,     0.774
  9956.522, 60500.000,   -66.497,     0.843
 23551.553, 60500.000,   -49.150,     0.933
 12182.609, 60500.000,  -101.190,     0.929
 37385.093, 60500.000,   -72.279,     0.744
 16078.261, 60500.000,   -80.952,     0.867
 51218.634, 60500.000,   -78.061,     0.521
 18065.839, 60500.000,   -86.735,     0.785
 11864.596, 60500.000,   -95.408,     0.957
 32535.404, 60500.000,   -52.041,     0.972
 59089.441, 60500.000,   -69.388,     0.698
 10990.062, 60500.000,   -37.585,     0.161
 20609.938, 60500.000,  -127.211,     0.582
 54319.255, 60500.000,  -106.973,     0.929
 47084.472, 60500.000,   -92.517,     0.833
 24744.099, 60500.000,   -49.150,     0.984
 14885.714, 60500.000,   -57.823,     0.875
 12818.634, 60500.000,   -40.476,     0.914
 24426.087, 60500.000,   -43.367,     0.968
 13772.671, 60500.000,   -63.605,     0.867
 57340.373, 60500.000,   -46.259,     0.902
 14249.689, 60500.000,  -101.190,     0.855
 47640.994, 60500.000,   -89.626,     0.637
 56783.851, 60500.000,  -121.429,     0.500
 21484.472, 60500.000,  -115.646,     0.521
 18224.845, 60500.000,  -135.884,     0.232
 46209.938, 60500.000,   -98.299,     0.851
 23551.553, 60500.000,   -54.932,     0.972
 29752.795, 60500.000,   -95.408,     0.607
 44937.888, 60500.000,   -54.932,     0.902
 26254.658, 60500.000,   -89.626,     0.738
 26095.652, 60500.000,   -92.517,     0.794
 12739.130, 60500.000,   -78.061,     0.808
 36351.553, 60500.000,   -40.476,     0.914
 40883.230, 60500.000,   -49.150,     0.984
 55750.311, 60500.000,   -98.299,     0.591
 30229.814, 60500.000,  -124.320,     0.659
  9638.509, 60500.000,   -40.476,     0.275
 35477.019, 60500.000,   -60.714,     0.973
 34363.975, 60500.000,  -115.646,     0.851
 52808.696, 60500.000,   -69.388,     0.550
 49151.553, 60500.000,   -40.476,     0.945
 29275.776, 60500.000,   -34.694,     0.294
 41916.770, 60500.000,   -28.912,     0.267
 13693.168, 60500.000,   -40.476,     0.882
 33807.453, 60500.000,   -52.041,     0.974
 57976.398, 60500.000,   -43.367,     0.961
 31660.870, 60500.000,   -40.476,     0.941
 49867.081, 60500.000,  -109.864,     0.850
 14726.708, 60500.000,  -115.646,     0.847
 28639.752, 60500.000,   -49.150,     0.988
 21166.460, 60500.000,   -40.476,     0.922
 29832.298, 60500.000,   -63.605,     0.965
 25380.124, 60500.000,  -127.211,     0.347
 48197.516, 60500.000,   -72.279,     0.705
 49946.584, 60500.000,   -98.299,     0.828
 10036.025, 60500.000,  -132.993,     0.882
 32614.907, 60500.000,   -80.952,     0.528
 16555.280, 60500.000,   -63.605,     0.851
 23551.553, 60500.000,   -78.061,     0.670
 44619.876, 60500.000,  -115.646,     0.941
 43188.820, 60500.000,   -34.694,     0.902
 60520.497, 60500.000,  -112.755,     0.930
 20530.435, 60500.000,   -52.041,     0.937
 40326.708, 60500.000,   -89.626,     0.598
 27765.217, 60500.000,   -89.626,     0.687
 10751.553, 60500.000,  -127.211,     0.720
 33886.957, 60500.000,   -72.279,     0.764
 23074.534, 60500.000,   -78.061,     0.692
 32773.913, 60500.000,  -127.211,     0.288
 13375.155, 60500.000,   -98.299,     0.882
 41757.764, 60500.000,   -28.912,     0.267
 27447.205, 60500.000,   -34.694,     0.290
 15203.727, 60500.000,   -86.735,     0.816
 59486.957, 60500.000,   -46.259,     0.969
 30070.807, 60500.000,   -98.299,     0.623
 28242.236, 60500.000,   -40.476,     0.918
 36749.068, 60500.000,  -121.429,     0.546
 24346.584, 60500.000,   -69.388,     0.867
 56386.335, 60500.000,   -57.823,     0.820
 42075.776, 60500.000,   -46.259,     0.973
 32217.391, 60500.000,  -109.864,     0.873
 45494.410, 60500.000,   -60.714,     0.801
 54875.776, 60500.000,   -95.408,     0.527
 30945.342, 60500.000,  -118.537,     0.674
 34045.963, 60500.000,   -66.497,     0.937
 51457.143, 60500.000,   -31.803,     0.875
 15203.727, 60500.000,  -112.755,     0.827
 35238.509, 60500.000,  -104.082,     0.678
 57817.391, 60500.000,   -98.299,     0.835
 13852.174, 60500.000,  -135.884,     0.340
 19337.888, 60500.000,   -89.626,     0.763
 32058.385, 60500.000,   -83.844,     0.505
 46925.466, 60500.000,   -37.585,     0.929
 10195.031, 60500.000,  -115.646,     0.770
 59725.466, 60500.000,   -49.150,     0.918
 21245.963, 60500.000,   -89.626,     0.774
 39134.161, 60500.000,  -104.082,     0.832
 25857.143, 60500.000,   -92.517,     0.741
 35238.509, 60500.000,   -80.952,     0.612
 19655.901, 60500.000,   -40.476,     0.933
 44699.379, 60500.000,   -57.823,     0.851
 15124.224, 60500.000,  -130.102,     0.708
 42632.298, 60500.000,   -31.803,     0.878
 59566.460, 60500.000,   -60.714,     0.799
 41439.752, 60500.000,   -66.497,     0.834
 58850.932, 60500.000,   -92.517,     0.675
 10672.050, 60500.000,   -95.408,     0.863
 52331.677, 60500.000,  -109.864,     0.600
 19894.410, 60500.000,   -40.476,     0.945
 31740.373, 60500.000,  -115.646,     0.816
 19178.882, 60500.000,   -43.367,     0.933
 36749.068, 60500.000,   -63.605,     0.933
 41360.248, 60500.000,   -49.150,     0.984
 37782.609, 60500.000,   -95.408,     0.649
 33171.429, 60500.000,   -63.605,     0.961
 59884.472, 60500.000,  -101.190,     0.760
 25459.627, 60500.000,   -83.844,     0.652
 54875.776, 60500.000,   -40.476,     0.918
 59248.447, 60500.000,   -40.476,     0.953
 43268.323, 60500.000,   -49.150,     0.992
 45653.416, 60500.000,  -109.864,     0.943
 17747.826, 60500.000,   -83.844,     0.776
 28083.230, 60500.000,   -43.367,     0.957
 34681.988, 60500.000,   -66.497,     0.937
 23869.565, 60500.000,   -95.408,     0.762
 22677.019, 60500.000,  -101.190,     0.635
 19019.876, 60500.000,   -72.279,     0.843
 12182.609, 60500.000,  -104.082,     0.890
 60440.994, 60500.000,   -83.844,     0.710
 30786.335, 60500.000,   -86.735,     0.689
 52013.665, 60500.000,   -89.626,     0.799
 57737.888, 60500.000,  -109.864,     0.922
 53921.739, 60500.000,   -31.803,     0.278
 39611.180, 60500.000,   -78.061,     0.597
 37544.099, 60500.000,   -31.803,     0.282
 46050.932, 60500.000,   -37.585,     0.898
 38657.143, 60500.000,  -115.646,     0.969
 20848.447, 60500.000,   -78.061,     0.793
 56863.354, 60500.000,   -46.259,     0.902
 30150.311, 60500.000,   -66.497,     0.914
 40008.696, 60500.000,   -52.041,     0.984
 11308.075, 60500.000,   -54.932,     0.805
 17270.807, 60500.000,  -109.864,     0.775
 52888.199, 60500.000,   -40.476,     0.933
 33171.429, 60500.000,   -75.170,     0.668
 10115.528, 60500.000,  -112.755,     0.815
 22518.012, 60500.000,   -54.932,     0.922
 42314.286, 60500.000,   -34.694,     0.894
 44063.354, 60500.000,   -72.279,     0.554
 20689.441, 60500.000,  -132.993,     0.532
 47402.484, 60500.000,   -83.844,     0.562
 54478.261, 60500.000,   -43.367,     0.929
 58612.422, 60500.000,   -37.585,     0.902
 11308.075, 60500.000,   -75.170,     0.867
 53365.217, 60500.000,   -83.844,     0.530
 15760.248, 60500.000,   -54.932,     0.859
 17429.814, 60500.000,   -75.170,     0.843
 39531.677, 60500.000,   -69.388,     0.742
 53126.708, 60500.000,   -28.912,     0.204
 17827.329, 60500.000,   -66.497,     0.851
 18860.870, 60500.000,   -69.388,     0.875
 39531.677, 60500.000,   -54.932,     0.929
 52411.180, 60500.000,  -104.082,     0.842
 57578.882, 60500.000,   -95.408,     0.682
 32296.894, 60500.000,   -37.585,     0.914
 26095.652, 60500.000,  -118.537,     0.677
 17350.311, 60500.000,  -135.884,     0.247
 37623.602, 60500.000,   -60.714,     0.949
 38657.143, 60500.000,  -112.755,     0.990
 37067.081, 60500.000,   -34.694,     0.290
 18701.863, 60500.000,  -135.884,     0.262
 29832.298, 60500.000,   -46.259,     0.953
 51218.634, 60500.000,  -104.082,     0.871
 35238.509, 60500.000,   -40.476,     0.922
 40406.211, 60500.000,   -80.952,     0.528
 38418.634, 60500.000,  -104.082,     0.721
 51616.149, 60500.000,   -28.912,     0.271
 24187.578, 60500.000,  -101.190,     0.614
 57022.360, 60500.000,   -54.932,     0.851
 48436.025, 60500.000,   -43.367,     0.953
 55829.814, 60500.000,   -52.041,     0.835
 20927.950, 60500.000,   -66.497,     0.875
 32694.410, 60500.000,   -80.952,     0.501
 47163.975, 60500.000,  -104.082,     0.985
 41360.248, 60500.000,   -72.279,     0.602
 36510.559, 60500.000,   -43.367,     0.957
 55114.286, 60500.000,   -80.952,     0.726
 52252.174, 60500.000,   -69.388,     0.576
 17986.335, 60500.000,   -80.952,     0.782
 18304.348, 60500.000,  -118.537,     0.910
 44540.373, 60500.000,  -101.190,     0.967
 24346.584, 60500.000,   -83.844,     0.593
 14090.683, 60500.000,   -69.388,     0.878
 30468.323, 60500.000,   -83.844,     0.729
 31899.379, 60500.000,  -106.973,     0.600
 31422.360, 60500.000,  -115.646,     0.871
 43586.335, 60500.000,  -106.973,     0.983
 45732.919, 60500.000,   -66.497,     0.699
 33568.944, 60500.000,  -112.755,     0.650
 10195.031, 60500.000,   -54.932,     0.808
 10831.056, 60500.000,   -92.517,     0.871
 18145.342, 60500.000,   -75.170,     0.835
 15680.745, 60500.000,  -130.102,     0.642
 12977.640, 60500.000,  -124.320,     0.652
 45335.404, 60500.000,   -52.041,     0.863
 50980.124, 60500.000,   -66.497,     0.635
 44222.360, 60500.000,   -98.299,     0.886
 25221.118, 60500.000,  -115.646,     0.725
 25777.640, 60500.000,  -121.429,     0.808
 13852.174, 60500.000,  -130.102,     0.757
 41280.745, 60500.000,  -101.190,     0.829
 27685.714, 60500.000,  -127.211,     0.385
 47004.969, 60500.000,   -66.497,     0.696
 57817.391, 60500.000,  -115.646,     0.947
 18701.863, 60500.000,   -78.061,     0.791
 22040.994, 60500.000,  -106.973,     0.659
 24903.106, 60500.000,   -86.735,     0.569
 24267.081, 60500.000,  -115.646,     0.602
 59486.957, 60500.000,  -112.755,     0.967
 29673.292, 60500.000,  -112.755,     0.906
 25698.137, 60500.000,   -72.279,     0.794
