#X,Y,Z,attr 
 41121.739, 60500.000,  -320.918,     0.924
 42552.795, 60500.000,  -315.136,     0.510
 35159.006, 60500.000,  -372.959,     0.627
 15521.739, 60500.000,  -315.136,     0.461
 49867.081, 60500.000,  -335.374,     0.603
 14408.696, 60500.000,  -294.898,     0.252
 14965.217, 60500.000,  -242.857,     0.470
 59486.957, 60500.000,  -355.612,     0.780
 54001.242, 60500.000,  -361.395,     0.706
 53524.224, 60500.000,  -358.503,     0.872
 37544.099, 60500.000,  -361.395,     0.741
 52252.174, 60500.000,  -370.068,     0.467
 25618.634, 60500.000,  -289.116,     0.620
 52888.199, 60500.000,  -338.265,     0.930
 26175.155, 60500.000,  -344.048,     0.735
 42234.783, 60500.000,  -346.939,     0.686
 25618.634, 60500.000,  -268.878,     0.859
 45176.398, 60500.000,  -381.633,     0.947
 52729.193, 60500.000,  -323.810,     0.569
 36033.540, 60500.000,  -320.918,     0.830
 48118.012, 60500.000,  -378.741,     0.791
 46686.957, 60500.000,  -355.612,     0.790
 59407.453, 60500.000,  -364.286,     0.525
 13852.174, 60500.000,  -283.333,     0.468
 13216.149, 60500.000,  -254.422,     0.597
 12341.615, 60500.000,  -303.571,     0.770
 43188.820, 60500.000,  -352.721,     0.800
 50105.590, 60500.000,  -344.048,     0.582
 59009.938, 60500.000,  -352.721,     0.528
 24585.093, 60500.000,  -289.116,     0.607
 47720.497, 60500.000,  -341.156,     0.846
 50980.124, 60500.000,  -320.918,     0.515
 32614.907, 60500.000,  -323.810,     0.514
 45971.429, 60500.000,  -352.721,     0.886
 53842.236, 60500.000,  -318.027,     0.838
 56386.335, 60500.000,  -387.415,     0.438
 20450.932, 60500.000,  -303.571,     0.710
 58055.901, 60500.000,  -346.939,     0.495
 32853.416, 60500.000,  -294.898,     0.376
 59009.938, 60500.000,  -326.701,     0.893
 16793.789, 60500.000,  -277.551,     0.465
 38259.627, 60500.000,  -300.680,     0.861
 31501.863, 60500.000,  -283.333,     0.908
 40803.727, 60500.000,  -370.068,     0.544
 24664.596, 60500.000,  -283.333,     0.637
 54955.280, 60500.000,  -355.612,     0.664
 58214.907, 60500.000,  -393.197,     0.524
 46845.963, 60500.000,  -361.395,     0.764
 10115.528, 60500.000,  -312.245,     0.225
 34840.994, 60500.000,  -344.048,     0.627
 58135.404, 60500.000,  -361.395,     0.601
 28639.752, 60500.000,  -326.701,     0.345
 48674.534, 60500.000,  -372.959,     0.349
 16237.267, 60500.000,  -320.918,     0.455
 48992.547, 60500.000,  -375.850,     0.371
 48913.043, 60500.000,  -329.592,     0.922
 52490.683, 60500.000,  -326.701,     0.448
 29673.292, 60500.000,  -346.939,     0.751
 36590.062, 60500.000,  -381.633,     0.872
 41439.752, 60500.000,  -367.177,     0.453
 52570.186, 60500.000,  -375.850,     0.391
 46527.950, 60500.000,  -332.483,     0.847
 54478.261, 60500.000,  -346.939,     0.925
  9718.012, 60500.000,  -303.571,     0.910
 33250.932, 60500.000,  -370.068,     0.933
 19655.901, 60500.000,  -332.483,     0.174
 11785.093, 60500.000,  -294.898,     0.124
 34522.981, 60500.000,  -300.680,     0.706
 27765.217, 60500.000,  -303.571,     0.849
 10592.547, 60500.000,  -248.639,     0.321
 35318.012, 60500.000,  -358.503,     0.942
 48436.025, 60500.000,  -364.286,     0.536
  9877.019, 60500.000,  -283.333,     0.957
 46050.932, 60500.000,  -326.701,     0.948
 56227.329, 60500.000,  -375.850,     0.606
 48197.516, 60500.000,  -306.463,     0.745
 17350.311, 60500.000,  -251.531,     0.501
 59645.963, 60500.000,  -349.830,     0.493
 53683.230, 60500.000,  -329.592,     0.539
 23790.062, 60500.000,  -289.116,     0.651
 28957.764, 60500.000,  -349.830,     0.659
 23392.547, 60500.000,  -274.660,     0.399
 43029.814, 60500.000,  -387.415,     0.159
 57260.870, 60500.000,  -387.415,     0.448
 36192.547, 60500.000,  -309.354,     0.460
 49946.584, 60500.000,  -390.306,     0.907
 42711.801, 60500.000,  -329.592,     0.866
 15680.745, 60500.000,  -297.789,     0.290
 47879.503, 60500.000,  -364.286,     0.601
 14806.211, 60500.000,  -248.639,     0.878
 39690.683, 60500.000,  -292.007,     0.824
 11308.075, 60500.000,  -309.354,     0.421
 25300.621, 60500.000,  -289.116,     0.823
 23233.540, 60500.000,  -283.333,     0.554
 49867.081, 60500.000,  -381.633,     0.679
 34920.497, 60500.000,  -361.395,     0.793
 59089.441, 60500.000,  -335.374,     0.624
 49787.578, 60500.000,  -378.741,     0.600
 29434.783, 60500.000,  -306.463,     0.605
 19178.882, 60500.000,  -315.136,     0.654
 50582.609, 60500.000,  -318.027,     0.542
 13693.168, 60500.000,  -309.354,     0.443
 47959.006, 60500.000,  -294.898,     0.648
 52967.702, 60500.000,  -387.415,     0.689
 35556.522, 60500.000,  -323.810,     0.718
 26254.658, 60500.000,  -306.463,     0.465
 33012.422, 60500.000,  -358.503,     0.381
 33171.429, 60500.000,  -326.701,     0.508
 19735.404, 60500.000,  -332.483,     0.181
 42791.304, 60500.000,  -344.048,     0.818
 14249.689, 60500.000,  -286.224,     0.504
 12341.615, 60500.000,  -280.442,     0.450
 24187.578, 60500.000,  -260.204,     0.824
 14408.696, 60500.000,  -257.313,     0.769
 52093.168, 60500.000,  -335.374,     0.903
 59645.963, 60500.000,  -410.544,     0.924
  9638.509, 60500.000,  -271.769,     0.859
 16396.273, 60500.000,  -315.136,     0.558
 58691.925, 60500.000,  -312.245,     0.711
 54637.267, 60500.000,  -352.721,     0.845
 57340.373, 60500.000,  -318.027,     0.693
 56306.832, 60500.000,  -361.395,     0.543
 39213.665, 60500.000,  -297.789,     0.960
 13216.149, 60500.000,  -300.680,     0.415
 25539.130, 60500.000,  -312.245,     0.307
 47481.988, 60500.000,  -367.177,     0.465
 33489.441, 60500.000,  -306.463,     0.505
 32058.385, 60500.000,  -312.245,     0.483
 30388.820, 60500.000,  -346.939,     0.845
 19337.888, 60500.000,  -274.660,     0.420
 25380.124, 60500.000,  -274.660,     0.500
 25698.137, 60500.000,  -323.810,     0.829
  9638.509, 60500.000,  -297.789,     0.663
 56624.845, 60500.000,  -349.830,     0.861
 24426.087, 60500.000,  -335.374,     0.519
 38021.118, 60500.000,  -335.374,     0.802
 22040.994, 60500.000,  -263.095,     0.943
 41519.255, 60500.000,  -358.503,     0.980
 23313.043, 60500.000,  -315.136,     0.533
 41360.248, 60500.000,  -387.415,     0.034
 50185.093, 60500.000,  -346.939,     0.883
 17111.801, 60500.000,  -265.986,     0.552
 37385.093, 60500.000,  -367.177,     0.448
 56783.851, 60500.000,  -341.156,     0.628
 50344.099, 60500.000,  -384.524,     0.940
 34681.988, 60500.000,  -341.156,     0.508
 10831.056, 60500.000,  -294.898,     0.267
 12818.634, 60500.000,  -300.680,     0.415
 51139.130, 60500.000,  -352.721,     0.928
 38021.118, 60500.000,  -349.830,     0.929
 30150.311, 60500.000,  -326.701,     0.389
 35318.012, 60500.000,  -372.959,     0.514
 37305.590, 60500.000,  -309.354,     0.470
 18542.857, 60500.000,  -292.007,     0.460
 53047.205, 60500.000,  -367.177,     0.631
 30547.826, 60500.000,  -289.116,     0.541
 47084.472, 60500.000,  -326.701,     0.860
 31263.354, 60500.000,  -341.156,     0.516
 13931.677, 60500.000,  -251.531,     0.938
 44619.876, 60500.000,  -315.136,     0.547
 53921.739, 60500.000,  -341.156,     0.813
 29514.286, 60500.000,  -306.463,     0.622
 26652.174, 60500.000,  -294.898,     0.472
 48197.516, 60500.000,  -378.741,     0.729
 17986.335, 60500.000,  -306.463,     0.216
 38895.652, 60500.000,  -364.286,     0.442
 42632.298, 60500.000,  -320.918,     0.739
 19258.385, 60500.000,  -323.810,     0.451
 10115.528, 60500.000,  -283.333,     0.955
 56624.845, 60500.000,  -393.197,     0.524
 21563.975, 60500.000,  -329.592,     0.499
 52490.683, 60500.000,  -361.395,     0.842
 55670.807, 60500.000,  -404.762,     0.886
 53842.236, 60500.000,  -346.939,     0.960
 59725.466, 60500.000,  -355.612,     0.790
 33330.435, 60500.000,  -372.959,     0.178
 46607.453, 60500.000,  -318.027,     0.511
 17588.820, 60500.000,  -277.551,     0.498
 32296.894, 60500.000,  -306.463,     0.876
 36510.559, 60500.000,  -361.395,     0.700
 45971.429, 60500.000,  -367.177,     0.427
 17032.298, 60500.000,  -306.463,     0.229
 32217.391, 60500.000,  -323.810,     0.450
 24108.075, 60500.000,  -260.204,     0.892
 51457.143, 60500.000,  -341.156,     0.779
 58850.932, 60500.000,  -361.395,     0.859
 27844.720, 60500.000,  -346.939,     0.855
 15283.230, 60500.000,  -251.531,     0.595
 55829.814, 60500.000,  -407.653,     0.123
 44142.857, 60500.000,  -338.265,     0.977
 38180.124, 60500.000,  -306.463,     0.677
 33568.944, 60500.000,  -289.116,     0.856
 60440.994, 60500.000,  -407.653,     0.799
 57976.398, 60500.000,  -407.653,     0.934
 54398.758, 60500.000,  -378.741,     0.513
 32058.385, 60500.000,  -361.395,     0.607
 59168.944, 60500.000,  -367.177,     0.435
 16793.789, 60500.000,  -297.789,     0.605
 10354.037, 60500.000,  -297.789,     0.250
 52093.168, 60500.000,  -352.721,     0.969
 43347.826, 60500.000,  -367.177,     0.486
 50264.596, 60500.000,  -381.633,     0.763
 34840.994, 60500.000,  -292.007,     0.559
 42155.280, 60500.000,  -375.850,     0.828
 35318.012, 60500.000,  -341.156,     0.495
 50980.124, 60500.000,  -381.633,     0.665
 36431.056, 60500.000,  -335.374,     0.665
 53444.720, 60500.000,  -312.245,     0.734
 39929.193, 60500.000,  -297.789,     0.863
 35795.031, 60500.000,  -352.721,     0.836
 36510.559, 60500.000,  -297.789,     0.860
 30627.329, 60500.000,  -358.503,     0.324
 26811.180, 60500.000,  -300.680,     0.826
 48754.037, 60500.000,  -341.156,     0.752
 24267.081, 60500.000,  -268.878,     0.615
 35000.000, 60500.000,  -361.395,     0.792
 18463.354, 60500.000,  -300.680,     0.635
 28003.727, 60500.000,  -283.333,     0.933
 31342.857, 60500.000,  -297.789,     0.462
 16157.764, 60500.000,  -303.571,     0.181
 26811.180, 60500.000,  -318.027,     0.743
 32694.410, 60500.000,  -320.918,     0.818
 50662.112, 60500.000,  -378.741,     0.444
 32932.919, 60500.000,  -361.395,     0.417
 35397.516, 60500.000,  -309.354,     0.428
 57896.894, 60500.000,  -381.633,     0.532
 58373.913, 60500.000,  -329.592,     0.878
 42314.286, 60500.000,  -329.592,     0.905
 59963.975, 60500.000,  -355.612,     0.532
 37941.615, 60500.000,  -341.156,     0.564
 18304.348, 60500.000,  -274.660,     0.486
 16396.273, 60500.000,  -326.701,     0.189
 55988.820, 60500.000,  -329.592,     0.658
 57737.888, 60500.000,  -335.374,     0.578
 57578.882, 60500.000,  -315.136,     0.745
 41360.248, 60500.000,  -367.177,     0.460
 41360.248, 60500.000,  -297.789,     0.969
 29355.280, 60500.000,  -294.898,     0.400
 42632.298, 60500.000,  -312.245,     0.518
 13454.658, 60500.000,  -292.007,     0.329
 57976.398, 60500.000,  -338.265,     0.539
 16316.770, 60500.000,  -286.224,     0.613
 36192.547, 60500.000,  -352.721,     0.931
 27208.696, 60500.000,  -303.571,     0.837
 13534.161, 60500.000,  -271.769,     0.562
 34045.963, 60500.000,  -320.918,     0.621
 49231.056, 60500.000,  -372.959,     0.473
 26572.671, 60500.000,  -283.333,     0.630
 31263.354, 60500.000,  -292.007,     0.483
 52649.689, 60500.000,  -349.830,     0.743
 32614.907, 60500.000,  -312.245,     0.497
 11626.087, 60500.000,  -312.245,     0.435
 52411.180, 60500.000,  -378.741,     0.333
 35079.503, 60500.000,  -361.395,     0.817
 18065.839, 60500.000,  -268.878,     0.552
 34363.975, 60500.000,  -358.503,     0.742
 43824.845, 60500.000,  -332.483,     0.926
 50105.590, 60500.000,  -346.939,     0.785
 49946.584, 60500.000,  -326.701,     0.587
 59645.963, 60500.000,  -335.374,     0.898
 34840.994, 60500.000,  -326.701,     0.579
 25539.130, 60500.000,  -306.463,     0.828
 16714.286, 60500.000,  -320.918,     0.485
 39611.180, 60500.000,  -358.503,     0.669
 15362.733, 60500.000,  -286.224,     0.737
 38895.652, 60500.000,  -318.027,     0.886
 39531.677, 60500.000,  -378.741,     0.921
 39372.671, 60500.000,  -378.741,     0.882
 23551.553, 60500.000,  -312.245,     0.304
 52013.665, 60500.000,  -378.741,     0.425
 25062.112, 60500.000,  -312.245,     0.375
 56863.354, 60500.000,  -393.197,     0.518
 47402.484, 60500.000,  -361.395,     0.719
 54398.758, 60500.000,  -323.810,     0.718
 54478.261, 60500.000,  -396.088,     0.957
 59804.969, 60500.000,  -390.306,     0.663
 14567.702, 60500.000,  -263.095,     0.688
 60122.981, 60500.000,  -372.959,     0.685
 37067.081, 60500.000,  -335.374,     0.565
 49072.050, 60500.000,  -320.918,     0.532
 57578.882, 60500.000,  -384.524,     0.456
 33648.447, 60500.000,  -306.463,     0.480
 53047.205, 60500.000,  -352.721,     0.833
 43109.317, 60500.000,  -372.959,     0.501
 42632.298, 60500.000,  -352.721,     0.813
 24267.081, 60500.000,  -318.027,     0.795
 36987.578, 60500.000,  -370.068,     0.570
 11149.068, 60500.000,  -315.136,     0.091
 49151.553, 60500.000,  -352.721,     0.850
 19178.882, 60500.000,  -265.986,     0.553
 50423.602, 60500.000,  -387.415,     0.887
 11546.584, 60500.000,  -260.204,     0.366
 35477.019, 60500.000,  -341.156,     0.448
 10354.037, 60500.000,  -309.354,     0.587
 17588.820, 60500.000,  -292.007,     0.477
  9797.516, 60500.000,  -303.571,     0.903
 29355.280, 60500.000,  -303.571,     0.831
 18224.845, 60500.000,  -289.116,     0.515
 32455.901, 60500.000,  -364.286,     0.919
 24346.584, 60500.000,  -271.769,     0.549
 47561.491, 60500.000,  -375.850,     0.746
 14488.199, 60500.000,  -263.095,     0.631
 54955.280, 60500.000,  -346.939,     0.925
 51934.161, 60500.000,  -384.524,     0.720
 32773.913, 60500.000,  -326.701,     0.366
 34840.994, 60500.000,  -332.483,     0.652
 57658.385, 60500.000,  -346.939,     0.604
 20371.429, 60500.000,  -280.442,     0.392
 59804.969, 60500.000,  -320.918,     0.583
 53762.733, 60500.000,  -335.374,     0.814
 34125.466, 60500.000,  -289.116,     0.844
 14806.211, 60500.000,  -300.680,     0.217
 53285.714, 60500.000,  -346.939,     0.752
 46925.466, 60500.000,  -358.503,     0.855
 27367.702, 60500.000,  -326.701,     0.269
 52808.696, 60500.000,  -320.918,     0.709
 49628.571, 60500.000,  -370.068,     0.430
 20689.441, 60500.000,  -312.245,     0.343
  9877.019, 60500.000,  -271.769,     0.816
 34681.988, 60500.000,  -367.177,     0.478
 27367.702, 60500.000,  -344.048,     0.573
 54716.770, 60500.000,  -341.156,     0.720
 10433.540, 60500.000,  -260.204,     0.364
 21881.988, 60500.000,  -277.551,     0.414
 56306.832, 60500.000,  -372.959,     0.825
 42075.776, 60500.000,  -355.612,     0.896
 23949.068, 60500.000,  -332.483,     0.663
 19178.882, 60500.000,  -312.245,     0.337
 39770.186, 60500.000,  -332.483,     0.941
 49708.075, 60500.000,  -361.395,     0.517
 33489.441, 60500.000,  -292.007,     0.932
 38339.130, 60500.000,  -323.810,     0.889
 56545.342, 60500.000,  -398.980,     0.931
 19178.882, 60500.000,  -294.898,     0.486
 39293.168, 60500.000,  -292.007,     0.941
 20530.435, 60500.000,  -292.007,     0.587
 37146.584, 60500.000,  -329.592,     0.941
 24108.075, 60500.000,  -294.898,     0.417
 53047.205, 60500.000,  -326.701,     0.640
 46050.932, 60500.000,  -320.918,     0.682
 14965.217, 60500.000,  -251.531,     0.776
 30865.839, 60500.000,  -320.918,     0.558
 23472.050, 60500.000,  -257.313,     0.596
 49072.050, 60500.000,  -332.483,     0.921
 49946.584, 60500.000,  -378.741,     0.412
 35874.534, 60500.000,  -309.354,     0.439
 42473.292, 60500.000,  -384.524,     0.978
 54080.745, 60500.000,  -384.524,     0.508
 40167.702, 60500.000,  -297.789,     0.918
 34761.491, 60500.000,  -372.959,     0.715
 37941.615, 60500.000,  -323.810,     0.831
 46925.466, 60500.000,  -306.463,     0.875
 49708.075, 60500.000,  -370.068,     0.425
 51616.149, 60500.000,  -384.524,     0.910
 25618.634, 60500.000,  -263.095,     0.631
 29673.292, 60500.000,  -286.224,     0.612
 20053.416, 60500.000,  -306.463,     0.252
 55193.789, 60500.000,  -320.918,     0.548
 58532.919, 60500.000,  -401.871,     0.846
 49469.565, 60500.000,  -358.503,     0.730
 36908.075, 60500.000,  -364.286,     0.481
 42711.801, 60500.000,  -358.503,     0.886
 54875.776, 60500.000,  -387.415,     0.463
 41439.752, 60500.000,  -320.918,     0.797
 56942.857, 60500.000,  -338.265,     0.481
 11069.565, 60500.000,  -306.463,     0.538
 24585.093, 60500.000,  -320.918,     0.509
 33091.925, 60500.000,  -370.068,     0.917
 20689.441, 60500.000,  -289.116,     0.861
 39293.168, 60500.000,  -332.483,     0.818
 11069.565, 60500.000,  -289.116,     0.683
 11626.087, 60500.000,  -277.551,     0.669
 39134.161, 60500.000,  -294.898,     0.953
 49469.565, 60500.000,  -338.265,     0.619
 47959.006, 60500.000,  -303.571,     0.839
 53524.224, 60500.000,  -387.415,     0.605
 38100.621, 60500.000,  -309.354,     0.463
 20450.932, 60500.000,  -315.136,     0.318
 22200.000, 60500.000,  -294.898,     0.396
 51934.161, 60500.000,  -364.286,     0.655
 42473.292, 60500.000,  -303.571,     0.952
 17350.311, 60500.000,  -271.769,     0.442
 29275.776, 60500.000,  -294.898,     0.408
 53524.224, 60500.000,  -318.027,     0.907
 41916.770, 60500.000,  -384.524,     0.967
 31183.851, 60500.000,  -346.939,     0.709
 45335.404, 60500.000,  -384.524,     0.976
 20689.441, 60500.000,  -294.898,     0.483
 31263.354, 60500.000,  -346.939,     0.790
 54001.242, 60500.000,  -401.871,     0.122
 52411.180, 60500.000,  -364.286,     0.683
 32614.907, 60500.000,  -292.007,     0.543
 44778.882, 60500.000,  -387.415,     0.152
 51298.137, 60500.000,  -332.483,     0.794
 21563.975, 60500.000,  -294.898,     0.395
 57737.888, 60500.000,  -407.653,     0.773
 41996.273, 60500.000,  -344.048,     0.827
 43347.826, 60500.000,  -338.265,     0.978
 43824.845, 60500.000,  -372.959,     0.646
 19576.398, 60500.000,  -306.463,     0.234
 44778.882, 60500.000,  -349.830,     0.882
 28242.236, 60500.000,  -329.592,     0.397
 15680.745, 60500.000,  -248.639,     0.867
 50185.093, 60500.000,  -384.524,     0.915
 19099.379, 60500.000,  -315.136,     0.764
 50741.615, 60500.000,  -381.633,     0.615
 52888.199, 60500.000,  -398.980,     0.978
 47084.472, 60500.000,  -300.680,     0.640
  9638.509, 60500.000,  -309.354,     0.944
 43427.329, 60500.000,  -378.741,     0.950
 31660.870, 60500.000,  -355.612,     0.378
 44699.379, 60500.000,  -300.680,     0.827
 32535.404, 60500.000,  -370.068,     0.151
 59963.975, 60500.000,  -329.592,     0.865
 17350.311, 60500.000,  -260.204,     0.791
 39690.683, 60500.000,  -378.741,     0.875
 29196.273, 60500.000,  -300.680,     0.567
 29593.789, 60500.000,  -283.333,     0.790
 26811.180, 60500.000,  -312.245,     0.490
 20848.447, 60500.000,  -300.680,     0.601
 38021.118, 60500.000,  -358.503,     0.908
 41757.764, 60500.000,  -364.286,     0.618
 59645.963, 60500.000,  -370.068,     0.729
 46448.447, 60500.000,  -320.918,     0.501
 28957.764, 60500.000,  -292.007,     0.589
 11785.093, 60500.000,  -303.571,     0.798
 55432.298, 60500.000,  -361.395,     0.526
 53285.714, 60500.000,  -318.027,     0.598
 57658.385, 60500.000,  -407.653,     0.166
 56227.329, 60500.000,  -323.810,     0.574
 56704.348, 60500.000,  -390.306,     0.498
 33250.932, 60500.000,  -289.116,     0.847
 35000.000, 60500.000,  -303.571,     0.600
 50185.093, 60500.000,  -367.177,     0.453
 53126.708, 60500.000,  -355.612,     0.894
 32932.919, 60500.000,  -341.156,     0.512
 14011.180, 60500.000,  -242.857,     0.432
 56942.857, 60500.000,  -401.871,     0.916
 13852.174, 60500.000,  -257.313,     0.606
 49787.578, 60500.000,  -344.048,     0.781
 36431.056, 60500.000,  -300.680,     0.956
 46050.932, 60500.000,  -300.680,     0.957
 34284.472, 60500.000,  -306.463,     0.392
 35159.006, 60500.000,  -346.939,     0.927
 42791.304, 60500.000,  -349.830,     0.763
 58691.925, 60500.000,  -352.721,     0.640
 40565.217, 60500.000,  -358.503,     0.680
 30388.820, 60500.000,  -318.027,     0.802
 45176.398, 60500.000,  -384.524,     0.968
 22756.522, 60500.000,  -257.313,     0.548
 29275.776, 60500.000,  -306.463,     0.604
 60122.981, 60500.000,  -384.524,     0.910
 46607.453, 60500.000,  -303.571,     0.910
 17350.311, 60500.000,  -294.898,     0.826
 37623.602, 60500.000,  -332.483,     0.930
 39531.677, 60500.000,  -355.612,     0.827
 58612.422, 60500.000,  -401.871,     0.870
 39770.186, 60500.000,  -344.048,     0.809
 10990.062, 60500.000,  -257.313,     0.449
 40565.217, 60500.000,  -326.701,     0.957
 50821.118, 60500.000,  -341.156,     0.702
 46050.932, 60500.000,  -381.633,     0.907
 28083.230, 60500.000,  -283.333,     0.939
 18940.373, 60500.000,  -292.007,     0.464
 27049.689, 60500.000,  -315.136,     0.687
 43109.317, 60500.000,  -332.483,     0.969
 36272.050, 60500.000,  -300.680,     0.931
 15680.745, 60500.000,  -283.333,     0.722
 30786.335, 60500.000,  -355.612,     0.439
 52490.683, 60500.000,  -378.741,     0.352
 45255.901, 60500.000,  -352.721,     0.851
 24108.075, 60500.000,  -283.333,     0.627
 36033.540, 60500.000,  -346.939,     0.691
 53285.714, 60500.000,  -306.463,     0.566
 51457.143, 60500.000,  -375.850,     0.437
 56068.323, 60500.000,  -393.197,     0.808
 10672.050, 60500.000,  -254.422,     0.586
  9718.012, 60500.000,  -248.639,     0.862
 56386.335, 60500.000,  -323.810,     0.718
 47243.478, 60500.000,  -381.633,     0.922
 51298.137, 60500.000,  -326.701,     0.834
 49072.050, 60500.000,  -323.810,     0.628
 21404.969, 60500.000,  -274.660,     0.361
 53842.236, 60500.000,  -355.612,     0.735
 48038.509, 60500.000,  -344.048,     0.855
 41201.242, 60500.000,  -352.721,     0.886
 60043.478, 60500.000,  -375.850,     0.860
 45096.894, 60500.000,  -358.503,     0.871
 47322.981, 60500.000,  -384.524,     0.148
 26652.174, 60500.000,  -306.463,     0.554
 11069.565, 60500.000,  -260.204,     0.307
 14965.217, 60500.000,  -294.898,     0.264
 10195.031, 60500.000,  -303.571,     0.756
 10115.528, 60500.000,  -274.660,     0.804
 53444.720, 60500.000,  -300.680,     0.553
 37226.087, 60500.000,  -338.265,     0.510
 53365.217, 60500.000,  -384.524,     0.447
 51059.627, 60500.000,  -315.136,     0.658
 19099.379, 60500.000,  -271.769,     0.458
 15362.733, 60500.000,  -254.422,     0.500
 39690.683, 60500.000,  -286.224,     0.620
 56147.826, 60500.000,  -378.741,     0.597
 30786.335, 60500.000,  -344.048,     0.732
 40803.727, 60500.000,  -346.939,     0.855
 30706.832, 60500.000,  -349.830,     0.574
 58850.932, 60500.000,  -372.959,     0.936
 23392.547, 60500.000,  -286.224,     0.784
 41360.248, 60500.000,  -341.156,     0.925
 46766.460, 60500.000,  -378.741,     0.920
 32614.907, 60500.000,  -315.136,     0.473
 34125.466, 60500.000,  -372.959,     0.952
 32137.888, 60500.000,  -309.354,     0.631
 36987.578, 60500.000,  -297.789,     0.862
 42234.783, 60500.000,  -352.721,     0.826
 49151.553, 60500.000,  -326.701,     0.850
 21325.466, 60500.000,  -294.898,     0.386
 28321.739, 60500.000,  -306.463,     0.714
 28639.752, 60500.000,  -292.007,     0.559
 43109.317, 60500.000,  -358.503,     0.843
 33012.422, 60500.000,  -352.721,     0.586
 42950.311, 60500.000,  -335.374,     0.844
 54398.758, 60500.000,  -326.701,     0.579
 56783.851, 60500.000,  -323.810,     0.858
 38418.634, 60500.000,  -352.721,     0.922
 25618.634, 60500.000,  -271.769,     0.749
 53444.720, 60500.000,  -398.980,     0.954
 36987.578, 60500.000,  -378.741,     0.882
 34681.988, 60500.000,  -381.633,     0.159
 10036.025, 60500.000,  -289.116,     0.845
 37782.609, 60500.000,  -338.265,     0.662
 19258.385, 60500.000,  -271.769,     0.452
 33807.453, 60500.000,  -338.265,     0.684
 35795.031, 60500.000,  -381.633,     0.889
 55909.317, 60500.000,  -372.959,     0.698
 45573.913, 60500.000,  -367.177,     0.432
 44301.863, 60500.000,  -323.810,     0.894
 56386.335, 60500.000,  -358.503,     0.583
 53683.230, 60500.000,  -300.680,     0.657
 18463.354, 60500.000,  -318.027,     0.736
 58214.907, 60500.000,  -384.524,     0.593
 55988.820, 60500.000,  -401.871,     0.954
 44619.876, 60500.000,  -358.503,     0.757
 57737.888, 60500.000,  -361.395,     0.600
 35079.503, 60500.000,  -346.939,     0.890
 54955.280, 60500.000,  -306.463,     0.630
 21325.466, 60500.000,  -315.136,     0.337
 54637.267, 60500.000,  -315.136,     0.642
 17270.807, 60500.000,  -268.878,     0.498
 53683.230, 60500.000,  -370.068,     0.518
 15839.752, 60500.000,  -318.027,     0.479
 33648.447, 60500.000,  -361.395,     0.434
 36272.050, 60500.000,  -355.612,     0.943
 10672.050, 60500.000,  -312.245,     0.457
 22677.019, 60500.000,  -274.660,     0.444
 38021.118, 60500.000,  -355.612,     0.967
 49310.559, 60500.000,  -355.612,     0.817
 57737.888, 60500.000,  -393.197,     0.573
 38657.143, 60500.000,  -338.265,     0.726
 21484.472, 60500.000,  -268.878,     0.774
 33489.441, 60500.000,  -341.156,     0.890
 39929.193, 60500.000,  -294.898,     0.815
 25539.130, 60500.000,  -329.592,     0.515
 50900.621, 60500.000,  -361.395,     0.678
 16714.286, 60500.000,  -309.354,     0.465
 43904.348, 60500.000,  -294.898,     0.833
 54080.745, 60500.000,  -323.810,     0.585
 31660.870, 60500.000,  -352.721,     0.394
 38736.646, 60500.000,  -315.136,     0.547
 25459.627, 60500.000,  -286.224,     0.430
  9877.019, 60500.000,  -260.204,     0.635
 36590.062, 60500.000,  -326.701,     0.622
 36669.565, 60500.000,  -300.680,     0.941
 58771.429, 60500.000,  -358.503,     0.960
 46527.950, 60500.000,  -344.048,     0.965
 50582.609, 60500.000,  -320.918,     0.503
 55432.298, 60500.000,  -358.503,     0.602
 54160.248, 60500.000,  -381.633,     0.513
 26811.180, 60500.000,  -332.483,     0.856
 22120.497, 60500.000,  -265.986,     0.859
 50344.099, 60500.000,  -344.048,     0.759
 23392.547, 60500.000,  -297.789,     0.439
 31024.845, 60500.000,  -329.592,     0.504
 16396.273, 60500.000,  -268.878,     0.511
 24505.590, 60500.000,  -271.769,     0.546
 47163.975, 60500.000,  -335.374,     0.927
 28321.739, 60500.000,  -332.483,     0.630
 38657.143, 60500.000,  -361.395,     0.506
 58055.901, 60500.000,  -364.286,     0.563
 12580.124, 60500.000,  -297.789,     0.241
 47481.988, 60500.000,  -323.810,     0.780
 29037.267, 60500.000,  -346.939,     0.861
 50026.087, 60500.000,  -332.483,     0.817
 39531.677, 60500.000,  -344.048,     0.795
 27367.702, 60500.000,  -312.245,     0.430
 31183.851, 60500.000,  -309.354,     0.507
 51616.149, 60500.000,  -309.354,     0.922
 48674.534, 60500.000,  -367.177,     0.442
 28639.752, 60500.000,  -341.156,     0.672
 15680.745, 60500.000,  -265.986,     0.597
 32932.919, 60500.000,  -355.612,     0.374
 54557.764, 60500.000,  -315.136,     0.610
 37782.609, 60500.000,  -315.136,     0.475
 38100.621, 60500.000,  -361.395,     0.720
 30547.826, 60500.000,  -303.571,     0.896
 43109.317, 60500.000,  -361.395,     0.769
 57976.398, 60500.000,  -401.871,     0.963
 26413.665, 60500.000,  -326.701,     0.424
 48436.025, 60500.000,  -323.810,     0.845
 34204.969, 60500.000,  -335.374,     0.467
 50741.615, 60500.000,  -341.156,     0.702
 11467.081, 60500.000,  -286.224,     0.785
 29673.292, 60500.000,  -280.442,     0.931
 27367.702, 60500.000,  -338.265,     0.630
 51457.143, 60500.000,  -344.048,     0.855
 34681.988, 60500.000,  -370.068,     0.572
 39134.161, 60500.000,  -300.680,     0.932
 12023.602, 60500.000,  -245.748,     0.635
 40962.733, 60500.000,  -326.701,     0.965
 38657.143, 60500.000,  -318.027,     0.871
 35000.000, 60500.000,  -370.068,     0.401
 37305.590, 60500.000,  -306.463,     0.540
 32535.404, 60500.000,  -329.592,     0.396
 27049.689, 60500.000,  -323.810,     0.313
 13216.149, 60500.000,  -260.204,     0.427
 22677.019, 60500.000,  -260.204,     0.876
 32058.385, 60500.000,  -358.503,     0.389
 17350.311, 60500.000,  -248.639,     0.041
 35795.031, 60500.000,  -326.701,     0.567
 41042.236, 60500.000,  -318.027,     0.924
 41439.752, 60500.000,  -349.830,     0.835
 20689.441, 60500.000,  -292.007,     0.650
 17191.304, 60500.000,  -283.333,     0.823
 43904.348, 60500.000,  -378.741,     0.925
 34284.472, 60500.000,  -349.830,     0.725
 24028.571, 60500.000,  -268.878,     0.677
 17350.311, 60500.000,  -326.701,     0.178
 16396.273, 60500.000,  -274.660,     0.465
 59248.447, 60500.000,  -341.156,     0.402
 17509.317, 60500.000,  -254.422,     0.819
 52411.180, 60500.000,  -294.898,     0.533
  9559.006, 60500.000,  -254.422,     0.683
 20371.429, 60500.000,  -306.463,     0.412
 33171.429, 60500.000,  -367.177,     0.791
 57658.385, 60500.000,  -387.415,     0.420
 32296.894, 60500.000,  -367.177,     0.182
 42234.783, 60500.000,  -372.959,     0.647
 29037.267, 60500.000,  -280.442,     0.898
 55829.814, 60500.000,  -309.354,     0.862
 30229.814, 60500.000,  -277.551,     0.635
 15919.255, 60500.000,  -265.986,     0.578
 37464.596, 60500.000,  -320.918,     0.857
 34443.478, 60500.000,  -315.136,     0.832
 12977.640, 60500.000,  -245.748,     0.611
 50344.099, 60500.000,  -306.463,     0.757
 36749.068, 60500.000,  -341.156,     0.471
 42870.807, 60500.000,  -372.959,     0.513
 14647.205, 60500.000,  -292.007,     0.536
 53285.714, 60500.000,  -338.265,     0.975
 24903.106, 60500.000,  -283.333,     0.544
 35159.006, 60500.000,  -329.592,     0.907
 21563.975, 60500.000,  -326.701,     0.430
 54557.764, 60500.000,  -358.503,     0.671
 42075.776, 60500.000,  -306.463,     0.886
 20530.435, 60500.000,  -329.592,     0.533
 46050.932, 60500.000,  -294.898,     0.834
 58771.429, 60500.000,  -335.374,     0.655
 42473.292, 60500.000,  -361.395,     0.779
 54637.267, 60500.000,  -370.068,     0.761
 30865.839, 60500.000,  -329.592,     0.406
 35238.509, 60500.000,  -349.830,     0.885
 38339.130, 60500.000,  -332.483,     0.931
 47800.000, 60500.000,  -332.483,     0.983
 27606.211, 60500.000,  -297.789,     0.512
 42314.286, 60500.000,  -300.680,     0.902
 22915.528, 60500.000,  -329.592,     0.903
 49628.571, 60500.000,  -335.374,     0.652
 43347.826, 60500.000,  -370.068,     0.477
 28480.745, 60500.000,  -280.442,     0.709
 57340.373, 60500.000,  -344.048,     0.624
 60202.484, 60500.000,  -381.633,     0.925
 47561.491, 60500.000,  -326.701,     0.946
 46925.466, 60500.000,  -364.286,     0.563
 59407.453, 60500.000,  -375.850,     0.941
 42234.783, 60500.000,  -332.483,     0.907
 52649.689, 60500.000,  -370.068,     0.528
 38418.634, 60500.000,  -315.136,     0.478
 43586.335, 60500.000,  -370.068,     0.498
 17906.832, 60500.000,  -263.095,     0.791
 48913.043, 60500.000,  -387.415,     0.860
 52967.702, 60500.000,  -315.136,     0.826
 26095.652, 60500.000,  -326.701,     0.634
 10910.559, 60500.000,  -303.571,     0.701
 44142.857, 60500.000,  -375.850,     0.955
 55750.311, 60500.000,  -355.612,     0.886
 10910.559, 60500.000,  -306.463,     0.621
 17270.807, 60500.000,  -260.204,     0.809
 51377.640, 60500.000,  -387.415,     0.880
 15601.242, 60500.000,  -248.639,     0.853
 19417.391, 60500.000,  -277.551,     0.425
 39372.671, 60500.000,  -289.116,     0.725
 15283.230, 60500.000,  -286.224,     0.845
 25777.640, 60500.000,  -292.007,     0.731
 47640.994, 60500.000,  -346.939,     0.967
 43029.814, 60500.000,  -358.503,     0.863
 11069.565, 60500.000,  -274.660,     0.745
 40644.720, 60500.000,  -294.898,     0.863
 37623.602, 60500.000,  -378.741,     0.933
 46845.963, 60500.000,  -381.633,     0.878
 37782.609, 60500.000,  -320.918,     0.891
 52888.199, 60500.000,  -370.068,     0.523
 22995.031, 60500.000,  -329.592,     0.855
 19814.907, 60500.000,  -277.551,     0.396
 58294.410, 60500.000,  -361.395,     0.560
 47561.491, 60500.000,  -367.177,     0.487
 42791.304, 60500.000,  -320.918,     0.557
 19178.882, 60500.000,  -309.354,     0.232
 16952.795, 60500.000,  -315.136,     0.634
 15521.739, 60500.000,  -248.639,     0.867
 27685.714, 60500.000,  -332.483,     0.534
 24823.602, 60500.000,  -341.156,     0.074
  9479.503, 60500.000,  -268.878,     0.839
 13057.143, 60500.000,  -274.660,     0.683
 47879.503, 60500.000,  -372.959,     0.434
 57022.360, 60500.000,  -407.653,     0.114
 17429.814, 60500.000,  -263.095,     0.771
 41360.248, 60500.000,  -309.354,     0.566
 22120.497, 60500.000,  -268.878,     0.615
 34602.484, 60500.000,  -309.354,     0.387
 28798.758, 60500.000,  -352.721,     0.115
 59486.957, 60500.000,  -358.503,     0.869
 51536.646, 60500.000,  -344.048,     0.876
 46766.460, 60500.000,  -294.898,     0.546
 51139.130, 60500.000,  -358.503,     0.775
 45176.398, 60500.000,  -303.571,     0.898
 40406.211, 60500.000,  -335.374,     0.894
 40962.733, 60500.000,  -338.265,     0.820
 32217.391, 60500.000,  -294.898,     0.402
 27049.689, 60500.000,  -329.592,     0.400
 42711.801, 60500.000,  -344.048,     0.807
 12500.621, 60500.000,  -312.245,     0.413
 26811.180, 60500.000,  -289.116,     0.455
 16873.292, 60500.000,  -268.878,     0.470
 39452.174, 60500.000,  -300.680,     0.886
 42075.776, 60500.000,  -300.680,     0.941
 39690.683, 60500.000,  -352.721,     0.958
 17588.820, 60500.000,  -286.224,     0.554
  9956.522, 60500.000,  -265.986,     0.695
 49310.559, 60500.000,  -387.415,     0.970
 25857.143, 60500.000,  -280.442,     0.567
 26175.155, 60500.000,  -292.007,     0.552
 40883.230, 60500.000,  -303.571,     0.691
 42950.311, 60500.000,  -370.068,     0.477
 15203.727, 60500.000,  -292.007,     0.502
 35397.516, 60500.000,  -375.850,     0.736
 11626.087, 60500.000,  -315.136,     0.120
 58055.901, 60500.000,  -358.503,     0.885
 37782.609, 60500.000,  -367.177,     0.435
 55670.807, 60500.000,  -338.265,     0.766
 23233.540, 60500.000,  -265.986,     0.858
 14090.683, 60500.000,  -274.660,     0.708
 59089.441, 60500.000,  -390.306,     0.440
 23710.559, 60500.000,  -300.680,     0.717
 60043.478, 60500.000,  -364.286,     0.743
 55988.820, 60500.000,  -375.850,     0.583
 48436.025, 60500.000,  -358.503,     0.655
 13375.155, 60500.000,  -309.354,     0.415
 29116.770, 60500.000,  -306.463,     0.724
 29673.292, 60500.000,  -297.789,     0.500
 45176.398, 60500.000,  -289.116,     0.584
 43506.832, 60500.000,  -332.483,     0.918
 15203.727, 60500.000,  -283.333,     0.801
 32853.416, 60500.000,  -323.810,     0.615
 57658.385, 60500.000,  -318.027,     0.664
 21245.963, 60500.000,  -289.116,     0.769
 54478.261, 60500.000,  -375.850,     0.502
 37067.081, 60500.000,  -352.721,     0.911
 29275.776, 60500.000,  -338.265,     0.547
 11467.081, 60500.000,  -265.986,     0.394
 33886.957, 60500.000,  -315.136,     0.737
 39372.671, 60500.000,  -341.156,     0.753
 52808.696, 60500.000,  -355.612,     0.952
 10354.037, 60500.000,  -289.116,     0.832
 16157.764, 60500.000,  -297.789,     0.511
 51218.634, 60500.000,  -315.136,     0.553
 45017.391, 60500.000,  -341.156,     0.912
 59407.453, 60500.000,  -413.435,     0.112
 40883.230, 60500.000,  -326.701,     0.959
 44699.379, 60500.000,  -292.007,     0.947
 22836.025, 60500.000,  -300.680,     0.691
 34602.484, 60500.000,  -372.959,     0.782
 49708.075, 60500.000,  -372.959,     0.434
 30945.342, 60500.000,  -355.612,     0.391
 58294.410, 60500.000,  -401.871,     0.905
 23313.043, 60500.000,  -297.789,     0.457
 30865.839, 60500.000,  -355.612,     0.409
 56068.323, 60500.000,  -372.959,     0.756
 37067.081, 60500.000,  -329.592,     0.925
 41598.758, 60500.000,  -326.701,     0.916
 40247.205, 60500.000,  -312.245,     0.500
 44142.857, 60500.000,  -384.524,     0.156
 21166.460, 60500.000,  -326.701,     0.510
 39690.683, 60500.000,  -323.810,     0.880
 31263.354, 60500.000,  -312.245,     0.500
 57737.888, 60500.000,  -320.918,     0.662
 51854.658, 60500.000,  -375.850,     0.406
 15521.739, 60500.000,  -274.660,     0.549
 11069.565, 60500.000,  -254.422,     0.679
 45096.894, 60500.000,  -315.136,     0.463
 24108.075, 60500.000,  -303.571,     0.392
 11705.590, 60500.000,  -251.531,     0.724
 18701.863, 60500.000,  -263.095,     0.848
 52013.665, 60500.000,  -361.395,     0.754
 57976.398, 60500.000,  -341.156,     0.503
 35715.528, 60500.000,  -370.068,     0.462
 60440.994, 60500.000,  -349.830,     0.519
 54398.758, 60500.000,  -303.571,     0.694
 40962.733, 60500.000,  -372.959,     0.794
 37226.087, 60500.000,  -381.633,     0.154
 38498.137, 60500.000,  -292.007,     0.979
 24346.584, 60500.000,  -292.007,     0.433
 58453.416, 60500.000,  -352.721,     0.705
 49867.081, 60500.000,  -352.721,     0.930
 57340.373, 60500.000,  -384.524,     0.442
 28878.261, 60500.000,  -312.245,     0.499
 45096.894, 60500.000,  -387.415,     0.155
 51616.149, 60500.000,  -349.830,     0.965
 45096.894, 60500.000,  -370.068,     0.451
 28083.230, 60500.000,  -286.224,     0.882
 41042.236, 60500.000,  -372.959,     0.769
 48913.043, 60500.000,  -300.680,     0.727
 54796.273, 60500.000,  -332.483,     0.480
 12182.609, 60500.000,  -260.204,     0.397
 41757.764, 60500.000,  -294.898,     0.627
 50105.590, 60500.000,  -390.306,     0.902
 52808.696, 60500.000,  -309.354,     0.656
 26493.168, 60500.000,  -297.789,     0.750
 38418.634, 60500.000,  -344.048,     0.678
 50344.099, 60500.000,  -393.197,     0.137
 55352.795, 60500.000,  -309.354,     0.873
 56704.348, 60500.000,  -341.156,     0.628
 45017.391, 60500.000,  -289.116,     0.544
 27606.211, 60500.000,  -277.551,     0.537
 14567.702, 60500.000,  -306.463,     0.759
 59009.938, 60500.000,  -367.177,     0.514
 13454.658, 60500.000,  -248.639,     0.906
 25221.118, 60500.000,  -338.265,     0.467
 37305.590, 60500.000,  -323.810,     0.696
 19496.894, 60500.000,  -289.116,     0.648
 28957.764, 60500.000,  -289.116,     0.821
 52013.665, 60500.000,  -355.612,     0.859
 33648.447, 60500.000,  -352.721,     0.898
 54160.248, 60500.000,  -309.354,     0.514
 43268.323, 60500.000,  -300.680,     0.938
 40088.199, 60500.000,  -332.483,     0.931
 59566.460, 60500.000,  -361.395,     0.918
 54319.255, 60500.000,  -375.850,     0.481
 59645.963, 60500.000,  -404.762,     0.755
 56863.354, 60500.000,  -358.503,     0.817
 40008.696, 60500.000,  -294.898,     0.799
 34284.472, 60500.000,  -289.116,     0.854
 17350.311, 60500.000,  -283.333,     0.833
 28957.764, 60500.000,  -346.939,     0.896
  9877.019, 60500.000,  -297.789,     0.535
 13772.671, 60500.000,  -263.095,     0.418
 40088.199, 60500.000,  -294.898,     0.863
 22120.497, 60500.000,  -292.007,     0.434
 52331.677, 60500.000,  -341.156,     0.533
 41996.273, 60500.000,  -320.918,     0.760
 56227.329, 60500.000,  -352.721,     0.966
 14329.193, 60500.000,  -280.442,     0.625
 42393.789, 60500.000,  -300.680,     0.945
 38180.124, 60500.000,  -381.633,     0.162
 30229.814, 60500.000,  -309.354,     0.493
 33886.957, 60500.000,  -309.354,     0.600
 19973.913, 60500.000,  -306.463,     0.231
 17668.323, 60500.000,  -271.769,     0.448
 59725.466, 60500.000,  -338.265,     0.680
 15203.727, 60500.000,  -306.463,     0.777
 34443.478, 60500.000,  -338.265,     0.498
 14726.708, 60500.000,  -274.660,     0.541
 16157.764, 60500.000,  -277.551,     0.417
 34204.969, 60500.000,  -358.503,     0.646
 39531.677, 60500.000,  -381.633,     0.157
 27288.199, 60500.000,  -338.265,     0.608
 42791.304, 60500.000,  -294.898,     0.949
 21166.460, 60500.000,  -292.007,     0.599
 48754.037, 60500.000,  -315.136,     0.541
 60520.497, 60500.000,  -370.068,     0.816
 20530.435, 60500.000,  -300.680,     0.615
 58294.410, 60500.000,  -352.721,     0.832
 41916.770, 60500.000,  -297.789,     0.855
 45732.919, 60500.000,  -309.354,     0.642
 54557.764, 60500.000,  -346.939,     0.894
 30627.329, 60500.000,  -292.007,     0.463
 52093.168, 60500.000,  -297.789,     0.529
 40644.720, 60500.000,  -297.789,     0.827
 56068.323, 60500.000,  -387.415,     0.612
 40326.708, 60500.000,  -309.354,     0.445
 58532.919, 60500.000,  -323.810,     0.722
 15521.739, 60500.000,  -265.986,     0.680
 27924.224, 60500.000,  -338.265,     0.634
 43586.335, 60500.000,  -326.701,     0.972
 23551.553, 60500.000,  -271.769,     0.583
 55193.789, 60500.000,  -335.374,     0.744
 52570.186, 60500.000,  -349.830,     0.696
 21166.460, 60500.000,  -297.789,     0.442
 38100.621, 60500.000,  -303.571,     0.802
 39452.174, 60500.000,  -312.245,     0.543
 34363.975, 60500.000,  -364.286,     0.463
 10592.547, 60500.000,  -280.442,     0.594
 23869.565, 60500.000,  -318.027,     0.734
 57419.876, 60500.000,  -306.463,     0.384
 56783.851, 60500.000,  -404.762,     0.955
 14329.193, 60500.000,  -297.789,     0.153
 43029.814, 60500.000,  -341.156,     0.972
 29514.286, 60500.000,  -303.571,     0.846
 44540.373, 60500.000,  -289.116,     0.676
 24426.087, 60500.000,  -260.204,     0.905
 39213.665, 60500.000,  -309.354,     0.506
 47879.503, 60500.000,  -297.789,     0.659
 15283.230, 60500.000,  -292.007,     0.546
 26413.665, 60500.000,  -294.898,     0.536
 33091.925, 60500.000,  -309.354,     0.816
 41598.758, 60500.000,  -384.524,     0.927
 24744.099, 60500.000,  -297.789,     0.596
 22279.503, 60500.000,  -274.660,     0.414
 15442.236, 60500.000,  -320.918,     0.632
 55670.807, 60500.000,  -384.524,     0.483
 53126.708, 60500.000,  -384.524,     0.472
 25300.621, 60500.000,  -286.224,     0.662
 37941.615, 60500.000,  -312.245,     0.430
 27844.720, 60500.000,  -306.463,     0.679
 33966.460, 60500.000,  -375.850,     0.965
 48197.516, 60500.000,  -361.395,     0.699
 21086.957, 60500.000,  -265.986,     0.891
 47879.503, 60500.000,  -344.048,     0.701
 54716.770, 60500.000,  -303.571,     0.271
 23313.043, 60500.000,  -283.333,     0.485
 47640.994, 60500.000,  -315.136,     0.661
 22359.006, 60500.000,  -289.116,     0.693
 28957.764, 60500.000,  -341.156,     0.592
 57737.888, 60500.000,  -329.592,     0.878
 46448.447, 60500.000,  -306.463,     0.894
 59725.466, 60500.000,  -381.633,     0.831
 21245.963, 60500.000,  -268.878,     0.772
 25459.627, 60500.000,  -294.898,     0.645
 49628.571, 60500.000,  -318.027,     0.486
 32137.888, 60500.000,  -286.224,     0.866
 15919.255, 60500.000,  -268.878,     0.515
 16316.770, 60500.000,  -306.463,     0.255
 22995.031, 60500.000,  -271.769,     0.508
 31183.851, 60500.000,  -320.918,     0.466
 21961.491, 60500.000,  -312.245,     0.328
 47561.491, 60500.000,  -378.741,     0.947
 24585.093, 60500.000,  -297.789,     0.834
 24267.081, 60500.000,  -332.483,     0.755
 35079.503, 60500.000,  -312.245,     0.394
 49867.081, 60500.000,  -297.789,     0.621
 52967.702, 60500.000,  -338.265,     0.944
 59804.969, 60500.000,  -413.435,     0.117
 33409.938, 60500.000,  -335.374,     0.468
 57260.870, 60500.000,  -335.374,     0.478
 21802.484, 60500.000,  -306.463,     0.267
 19019.876, 60500.000,  -306.463,     0.205
 30468.323, 60500.000,  -277.551,     0.590
 23074.534, 60500.000,  -274.660,     0.429
 59804.969, 60500.000,  -384.524,     0.822
 25857.143, 60500.000,  -335.374,     0.795
 55750.311, 60500.000,  -309.354,     0.865
 21404.969, 60500.000,  -320.918,     0.633
 47481.988, 60500.000,  -370.068,     0.448
 11546.584, 60500.000,  -309.354,     0.430
 28162.733, 60500.000,  -300.680,     0.541
 60202.484, 60500.000,  -320.918,     0.597
 53365.217, 60500.000,  -390.306,     0.746
 17588.820, 60500.000,  -289.116,     0.450
 43983.851, 60500.000,  -297.789,     0.598
 11069.565, 60500.000,  -271.769,     0.415
 27765.217, 60500.000,  -329.592,     0.346
 58453.416, 60500.000,  -407.653,     0.126
 18383.851, 60500.000,  -268.878,     0.483
 50741.615, 60500.000,  -344.048,     0.803
 34125.466, 60500.000,  -361.395,     0.529
 59963.975, 60500.000,  -358.503,     0.783
 15760.248, 60500.000,  -294.898,     0.504
 45573.913, 60500.000,  -329.592,     0.902
 26016.149, 60500.000,  -268.878,     0.508
 34602.484, 60500.000,  -332.483,     0.589
  9559.006, 60500.000,  -312.245,     0.260
 37623.602, 60500.000,  -312.245,     0.373
 15521.739, 60500.000,  -292.007,     0.687
 24903.106, 60500.000,  -335.374,     0.506
 39054.658, 60500.000,  -381.633,     0.152
 56704.348, 60500.000,  -367.177,     0.884
 46607.453, 60500.000,  -375.850,     0.763
 59725.466, 60500.000,  -410.544,     0.958
 33091.925, 60500.000,  -329.592,     0.418
 41519.255, 60500.000,  -361.395,     0.851
 18463.354, 60500.000,  -326.701,     0.121
 50344.099, 60500.000,  -349.830,     0.938
 15521.739, 60500.000,  -257.313,     0.550
 28003.727, 60500.000,  -289.116,     0.619
 57817.391, 60500.000,  -358.503,     0.834
 40803.727, 60500.000,  -341.156,     0.800
 44858.385, 60500.000,  -341.156,     0.960
 38100.621, 60500.000,  -292.007,     0.684
 20927.950, 60500.000,  -286.224,     0.675
 46686.957, 60500.000,  -341.156,     0.889
 58850.932, 60500.000,  -384.524,     0.565
 46607.453, 60500.000,  -294.898,     0.588
 24426.087, 60500.000,  -303.571,     0.453
 12421.118, 60500.000,  -263.095,     0.361
 35874.534, 60500.000,  -318.027,     0.843
 35954.037, 60500.000,  -361.395,     0.886
 60600.000, 60500.000,  -375.850,     0.788
 42314.286, 60500.000,  -355.612,     0.878
 38975.155, 60500.000,  -300.680,     0.969
 46925.466, 60500.000,  -335.374,     0.763
 36908.075, 60500.000,  -320.918,     0.795
 50105.590, 60500.000,  -384.524,     0.944
 27208.696, 60500.000,  -338.265,     0.588
 41201.242, 60500.000,  -297.789,     0.914
 24028.571, 60500.000,  -315.136,     0.705
 46130.435, 60500.000,  -294.898,     0.669
 14249.689, 60500.000,  -312.245,     0.408
 53603.727, 60500.000,  -393.197,     0.936
 32535.404, 60500.000,  -300.680,     0.385
 52411.180, 60500.000,  -312.245,     0.875
 57817.391, 60500.000,  -312.245,     0.904
 31422.360, 60500.000,  -286.224,     0.782
 20053.416, 60500.000,  -300.680,     0.700
 19178.882, 60500.000,  -257.313,     0.555
 53285.714, 60500.000,  -303.571,     0.773
 30786.335, 60500.000,  -292.007,     0.437
 45017.391, 60500.000,  -326.701,     0.956
 11705.590, 60500.000,  -306.463,     0.608
 40485.714, 60500.000,  -332.483,     0.925
 47720.497, 60500.000,  -332.483,     0.977
 57817.391, 60500.000,  -370.068,     0.933
 44937.888, 60500.000,  -326.701,     0.960
 44222.360, 60500.000,  -370.068,     0.513
 17191.304, 60500.000,  -260.204,     0.841
 13295.652, 60500.000,  -242.857,     0.649
 12262.112, 60500.000,  -294.898,     0.156
 38100.621, 60500.000,  -341.156,     0.676
 15839.752, 60500.000,  -315.136,     0.473
 24346.584, 60500.000,  -289.116,     0.648
 34602.484, 60500.000,  -300.680,     0.754
 53603.727, 60500.000,  -387.415,     0.607
 35477.019, 60500.000,  -326.701,     0.556
 13136.646, 60500.000,  -271.769,     0.777
 44937.888, 60500.000,  -320.918,     0.723
 21961.491, 60500.000,  -274.660,     0.417
 44699.379, 60500.000,  -355.612,     0.918
 11069.565, 60500.000,  -277.551,     0.647
 47402.484, 60500.000,  -387.415,     0.100
 23392.547, 60500.000,  -318.027,     0.775
 55193.789, 60500.000,  -401.871,     0.868
 44063.354, 60500.000,  -364.286,     0.487
 36669.565, 60500.000,  -375.850,     0.947
 50980.124, 60500.000,  -297.789,     0.736
 14885.714, 60500.000,  -277.551,     0.870
 46845.963, 60500.000,  -355.612,     0.906
 53047.205, 60500.000,  -300.680,     0.675
 21404.969, 60500.000,  -294.898,     0.386
 26334.161, 60500.000,  -329.592,     0.812
 24664.596, 60500.000,  -315.136,     0.671
 25539.130, 60500.000,  -338.265,     0.817
 23631.056, 60500.000,  -303.571,     0.464
 23154.037, 60500.000,  -323.810,     0.482
 25300.621, 60500.000,  -318.027,     0.646
 40326.708, 60500.000,  -320.918,     0.920
 23472.050, 60500.000,  -300.680,     0.765
 18383.851, 60500.000,  -286.224,     0.808
 58214.907, 60500.000,  -346.939,     0.484
 50105.590, 60500.000,  -309.354,     0.812
 31581.366, 60500.000,  -323.810,     0.394
 38180.124, 60500.000,  -300.680,     0.894
 40247.205, 60500.000,  -320.918,     0.936
 10433.540, 60500.000,  -274.660,     0.704
 18065.839, 60500.000,  -260.204,     0.905
 51059.627, 60500.000,  -344.048,     0.702
 32137.888, 60500.000,  -303.571,     0.667
 38975.155, 60500.000,  -294.898,     0.954
 14726.708, 60500.000,  -292.007,     0.516
 24664.596, 60500.000,  -318.027,     0.747
 16634.783, 60500.000,  -318.027,     0.460
 11228.571, 60500.000,  -309.354,     0.426
 17191.304, 60500.000,  -297.789,     0.590
 44301.863, 60500.000,  -372.959,     0.710
 51695.652, 60500.000,  -358.503,     0.812
 39531.677, 60500.000,  -361.395,     0.495
 51616.149, 60500.000,  -355.612,     0.847
 20848.447, 60500.000,  -297.789,     0.423
 12739.130, 60500.000,  -306.463,     0.552
 32932.919, 60500.000,  -318.027,     0.523
  9718.012, 60500.000,  -300.680,     0.734
  9718.012, 60500.000,  -257.313,     0.680
 35954.037, 60500.000,  -367.177,     0.495
 32455.901, 60500.000,  -289.116,     0.699
 49231.056, 60500.000,  -364.286,     0.535
  9559.006, 60500.000,  -280.442,     0.980
 52808.696, 60500.000,  -300.680,     0.541
  9956.522, 60500.000,  -251.531,     0.874
 37544.099, 60500.000,  -352.721,     0.889
 42393.789, 60500.000,  -381.633,     0.979
 53921.739, 60500.000,  -375.850,     0.522
 60043.478, 60500.000,  -315.136,     0.646
 53444.720, 60500.000,  -387.415,     0.540
 52013.665, 60500.000,  -364.286,     0.692
 10990.062, 60500.000,  -248.639,     0.381
 37385.093, 60500.000,  -300.680,     0.862
 31183.851, 60500.000,  -361.395,     0.119
 10592.547, 60500.000,  -257.313,     0.449
 45335.404, 60500.000,  -289.116,     0.667
 54239.752, 60500.000,  -396.088,     0.946
 25539.130, 60500.000,  -283.333,     0.463
 24664.596, 60500.000,  -260.204,     0.968
 19099.379, 60500.000,  -260.204,     0.893
 43427.329, 60500.000,  -341.156,     0.960
 42870.807, 60500.000,  -355.612,     0.969
 51536.646, 60500.000,  -384.524,     0.965
 16078.261, 60500.000,  -315.136,     0.575
 23233.540, 60500.000,  -286.224,     0.829
 40088.199, 60500.000,  -326.701,     0.921
 24426.087, 60500.000,  -326.701,     0.479
 28639.752, 60500.000,  -315.136,     0.517
 49469.565, 60500.000,  -349.830,     0.948
 46448.447, 60500.000,  -384.524,     0.141
 20450.932, 60500.000,  -289.116,     0.814
 29752.795, 60500.000,  -335.374,     0.673
 31104.348, 60500.000,  -341.156,     0.749
 40485.714, 60500.000,  -320.918,     0.930
 49469.565, 60500.000,  -297.789,     0.601
 36828.571, 60500.000,  -378.741,     0.896
 52888.199, 60500.000,  -384.524,     0.503
 14090.683, 60500.000,  -289.116,     0.718
 52013.665, 60500.000,  -294.898,     0.398
 60520.497, 60500.000,  -398.980,     0.590
 42950.311, 60500.000,  -315.136,     0.465
 51457.143, 60500.000,  -370.068,     0.420
 21086.957, 60500.000,  -300.680,     0.749
 54160.248, 60500.000,  -323.810,     0.613
 48674.534, 60500.000,  -326.701,     0.779
 35477.019, 60500.000,  -300.680,     0.949
 35397.516, 60500.000,  -318.027,     0.713
 16237.267, 60500.000,  -257.313,     0.728
 45096.894, 60500.000,  -381.633,     0.929
 43029.814, 60500.000,  -297.789,     0.933
  9400.000, 60500.000,  -254.422,     0.746
 59804.969, 60500.000,  -407.653,     0.837
 37385.093, 60500.000,  -306.463,     0.562
 51377.640, 60500.000,  -335.374,     0.707
 59407.453, 60500.000,  -352.721,     0.647
 20689.441, 60500.000,  -268.878,     0.654
 21086.957, 60500.000,  -335.374,     0.234
 16873.292, 60500.000,  -263.095,     0.621
 25698.137, 60500.000,  -294.898,     0.857
 50344.099, 60500.000,  -387.415,     0.891
 13772.671, 60500.000,  -239.966,     0.323
 56465.839, 60500.000,  -401.871,     0.892
 46368.944, 60500.000,  -315.136,     0.434
 18065.839, 60500.000,  -265.986,     0.659
 28798.758, 60500.000,  -286.224,     0.949
 27447.205, 60500.000,  -309.354,     0.481
 31024.845, 60500.000,  -352.721,     0.373
 47004.969, 60500.000,  -300.680,     0.638
 23074.534, 60500.000,  -326.701,     0.512
 46686.957, 60500.000,  -303.571,     0.941
 39054.658, 60500.000,  -306.463,     0.584
 37623.602, 60500.000,  -335.374,     0.765
 31342.857, 60500.000,  -320.918,     0.490
 54080.745, 60500.000,  -312.245,     0.513
 51775.155, 60500.000,  -352.721,     0.901
 43665.839, 60500.000,  -318.027,     0.744
 58691.925, 60500.000,  -315.136,     0.861
 25777.640, 60500.000,  -280.442,     0.552
 45891.925, 60500.000,  -346.939,     0.902
 49549.068, 60500.000,  -344.048,     0.811
 50900.621, 60500.000,  -349.830,     0.967
 28083.230, 60500.000,  -329.592,     0.320
 30547.826, 60500.000,  -306.463,     0.746
 48754.037, 60500.000,  -349.830,     0.964
 22279.503, 60500.000,  -271.769,     0.480
 48754.037, 60500.000,  -378.741,     0.602
 16157.764, 60500.000,  -292.007,     0.502
 51298.137, 60500.000,  -294.898,     0.487
 20212.422, 60500.000,  -312.245,     0.208
 19178.882, 60500.000,  -289.116,     0.664
 58294.410, 60500.000,  -315.136,     0.803
 20689.441, 60500.000,  -309.354,     0.349
 49469.565, 60500.000,  -370.068,     0.415
 24346.584, 60500.000,  -297.789,     0.460
 40326.708, 60500.000,  -352.721,     0.960
 21881.988, 60500.000,  -300.680,     0.734
 26572.671, 60500.000,  -344.048,     0.862
 42711.801, 60500.000,  -361.395,     0.727
 43109.317, 60500.000,  -387.415,     0.161
 43427.329, 60500.000,  -381.633,     0.944
 43506.832, 60500.000,  -358.503,     0.820
 30706.832, 60500.000,  -355.612,     0.442
 45971.429, 60500.000,  -370.068,     0.448
 41996.273, 60500.000,  -346.939,     0.690
 44301.863, 60500.000,  -341.156,     0.977
 52967.702, 60500.000,  -312.245,     0.749
 24267.081, 60500.000,  -297.789,     0.479
 10036.025, 60500.000,  -265.986,     0.652
 45176.398, 60500.000,  -294.898,     0.770
 53365.217, 60500.000,  -341.156,     0.932
 45891.925, 60500.000,  -323.810,     0.956
 23074.534, 60500.000,  -323.810,     0.478
 26016.149, 60500.000,  -306.463,     0.459
 34204.969, 60500.000,  -378.741,     0.157
 19019.876, 60500.000,  -294.898,     0.479
 12739.130, 60500.000,  -300.680,     0.439
 37862.112, 60500.000,  -352.721,     0.940
 46527.950, 60500.000,  -335.374,     0.793
 29832.298, 60500.000,  -303.571,     0.894
 48436.025, 60500.000,  -294.898,     0.580
 25300.621, 60500.000,  -294.898,     0.547
 27526.708, 60500.000,  -283.333,     0.555
 10751.553, 60500.000,  -271.769,     0.586
 43029.814, 60500.000,  -306.463,     0.885
 50503.106, 60500.000,  -323.810,     0.537
 52252.174, 60500.000,  -378.741,     0.397
 35238.509, 60500.000,  -320.918,     0.770
 54319.255, 60500.000,  -315.136,     0.637
 55273.292, 60500.000,  -346.939,     0.910
 39134.161, 60500.000,  -320.918,     0.896
 46050.932, 60500.000,  -332.483,     0.906
 37067.081, 60500.000,  -312.245,     0.480
 59168.944, 60500.000,  -355.612,     0.639
 22120.497, 60500.000,  -309.354,     0.181
 41121.739, 60500.000,  -338.265,     0.886
 26572.671, 60500.000,  -329.592,     0.469
 42393.789, 60500.000,  -315.136,     0.490
 19655.901, 60500.000,  -309.354,     0.208
 50741.615, 60500.000,  -390.306,     0.889
 49708.075, 60500.000,  -329.592,     0.914
 49867.081, 60500.000,  -344.048,     0.554
 45017.391, 60500.000,  -367.177,     0.460
 15044.720, 60500.000,  -320.918,     0.168
 22995.031, 60500.000,  -309.354,     0.253
 26652.174, 60500.000,  -303.571,     0.790
 29673.292, 60500.000,  -344.048,     0.912
 57976.398, 60500.000,  -375.850,     0.848
 16714.286, 60500.000,  -251.531,     0.639
 59168.944, 60500.000,  -393.197,     0.368
 35159.006, 60500.000,  -341.156,     0.463
 58850.932, 60500.000,  -398.980,     0.536
 39054.658, 60500.000,  -361.395,     0.511
 23233.540, 60500.000,  -332.483,     0.743
 19973.913, 60500.000,  -292.007,     0.412
 23551.553, 60500.000,  -297.789,     0.507
 47004.969, 60500.000,  -378.741,     0.889
 55034.783, 60500.000,  -335.374,     0.500
 36510.559, 60500.000,  -372.959,     0.651
 35000.000, 60500.000,  -329.592,     0.790
 54001.242, 60500.000,  -303.571,     0.883
 57340.373, 60500.000,  -387.415,     0.426
 31342.857, 60500.000,  -352.721,     0.391
 24505.590, 60500.000,  -257.313,     0.594
 12103.106, 60500.000,  -283.333,     0.499
 42314.286, 60500.000,  -346.939,     0.736
 54001.242, 60500.000,  -344.048,     0.867
 44301.863, 60500.000,  -346.939,     0.906
 26095.652, 60500.000,  -344.048,     0.561
 56704.348, 60500.000,  -381.633,     0.518
 13613.665, 60500.000,  -271.769,     0.493
 29434.783, 60500.000,  -277.551,     0.615
 46130.435, 60500.000,  -335.374,     0.893
 31660.870, 60500.000,  -335.374,     0.725
 15680.745, 60500.000,  -271.769,     0.481
 14090.683, 60500.000,  -265.986,     0.439
 49708.075, 60500.000,  -335.374,     0.628
 29673.292, 60500.000,  -303.571,     0.895
 23154.037, 60500.000,  -300.680,     0.818
 40247.205, 60500.000,  -375.850,     0.913
 19099.379, 60500.000,  -268.878,     0.468
 24585.093, 60500.000,  -318.027,     0.692
 47959.006, 60500.000,  -323.810,     0.625
 43427.329, 60500.000,  -338.265,     0.943
 30070.807, 60500.000,  -277.551,     0.667
 38895.652, 60500.000,  -338.265,     0.704
 47720.497, 60500.000,  -303.571,     0.602
 29752.795, 60500.000,  -320.918,     0.459
 17350.311, 60500.000,  -318.027,     0.460
 38895.652, 60500.000,  -370.068,     0.538
 48674.534, 60500.000,  -390.306,     0.133
 21404.969, 60500.000,  -292.007,     0.495
 31422.360, 60500.000,  -306.463,     0.683
 34204.969, 60500.000,  -361.395,     0.494
 11467.081, 60500.000,  -257.313,     0.389
 24903.106, 60500.000,  -326.701,     0.468
 37464.596, 60500.000,  -367.177,     0.441
 16237.267, 60500.000,  -248.639,     0.324
 60600.000, 60500.000,  -410.544,     0.879
 37067.081, 60500.000,  -361.395,     0.659
 45653.416, 60500.000,  -361.395,     0.610
 22438.509, 60500.000,  -294.898,     0.428
 17111.801, 60500.000,  -271.769,     0.441
 40883.230, 60500.000,  -381.633,     0.787
 36510.559, 60500.000,  -378.741,     0.919
 52649.689, 60500.000,  -355.612,     0.869
 12421.118, 60500.000,  -315.136,     0.109
 26254.658, 60500.000,  -303.571,     0.545
 45096.894, 60500.000,  -329.592,     0.927
 10672.050, 60500.000,  -303.571,     0.650
 52967.702, 60500.000,  -372.959,     0.481
 58055.901, 60500.000,  -381.633,     0.555
 44460.870, 60500.000,  -323.810,     0.954
 50582.609, 60500.000,  -378.741,     0.439
 57340.373, 60500.000,  -306.463,     0.469
 55988.820, 60500.000,  -320.918,     0.694
 46766.460, 60500.000,  -306.463,     0.898
 48992.547, 60500.000,  -370.068,     0.372
 40883.230, 60500.000,  -384.524,     0.130
 12341.615, 60500.000,  -260.204,     0.360
 36510.559, 60500.000,  -326.701,     0.630
 58771.429, 60500.000,  -404.762,     0.963
 33807.453, 60500.000,  -300.680,     0.417
 16793.789, 60500.000,  -280.442,     0.652
 26175.155, 60500.000,  -289.116,     0.575
 23790.062, 60500.000,  -315.136,     0.781
 47322.981, 60500.000,  -326.701,     0.787
 15521.739, 60500.000,  -309.354,     0.694
 44381.366, 60500.000,  -352.721,     0.898
 20530.435, 60500.000,  -309.354,     0.269
 41439.752, 60500.000,  -375.850,     0.717
 31978.882, 60500.000,  -294.898,     0.406
 57658.385, 60500.000,  -352.721,     0.933
 26254.658, 60500.000,  -271.769,     0.793
 10115.528, 60500.000,  -251.531,     0.926
 38498.137, 60500.000,  -352.721,     0.955
 25062.112, 60500.000,  -315.136,     0.678
 17191.304, 60500.000,  -265.986,     0.564
 57022.360, 60500.000,  -335.374,     0.472
 53126.708, 60500.000,  -297.789,     0.633
 46209.938, 60500.000,  -306.463,     0.779
 26811.180, 60500.000,  -283.333,     0.677
 14965.217, 60500.000,  -297.789,     0.203
 21961.491, 60500.000,  -265.986,     0.814
 39372.671, 60500.000,  -361.395,     0.473
 47402.484, 60500.000,  -297.789,     0.636
 10513.043, 60500.000,  -277.551,     0.849
 37623.602, 60500.000,  -323.810,     0.742
 16078.261, 60500.000,  -286.224,     0.556
 48992.547, 60500.000,  -300.680,     0.623
 54319.255, 60500.000,  -367.177,     0.646
 19735.404, 60500.000,  -309.354,     0.205
 39293.168, 60500.000,  -329.592,     0.923
 26413.665, 60500.000,  -312.245,     0.654
 30706.832, 60500.000,  -332.483,     0.802
 24823.602, 60500.000,  -332.483,     0.774
 50582.609, 60500.000,  -300.680,     0.541
 43824.845, 60500.000,  -303.571,     0.582
 19576.398, 60500.000,  -329.592,     0.682
 58135.404, 60500.000,  -410.544,     0.119
 17429.814, 60500.000,  -254.422,     0.817
 41916.770, 60500.000,  -312.245,     0.549
 51854.658, 60500.000,  -329.592,     0.702
 45176.398, 60500.000,  -349.830,     0.875
 55591.304, 60500.000,  -346.939,     0.894
 31501.863, 60500.000,  -309.354,     0.521
 26493.168, 60500.000,  -341.156,     0.663
 25141.615, 60500.000,  -329.592,     0.928
 43665.839, 60500.000,  -361.395,     0.637
 16714.286, 60500.000,  -315.136,     0.609
 44937.888, 60500.000,  -361.395,     0.661
 42791.304, 60500.000,  -323.810,     0.779
 33012.422, 60500.000,  -370.068,     0.868
 47322.981, 60500.000,  -338.265,     0.833
 18224.845, 60500.000,  -315.136,     0.844
 33807.453, 60500.000,  -372.959,     0.934
 26254.658, 60500.000,  -300.680,     0.775
 45017.391, 60500.000,  -372.959,     0.518
 31819.876, 60500.000,  -323.810,     0.392
 52411.180, 60500.000,  -341.156,     0.523
 20848.447, 60500.000,  -283.333,     0.439
 55034.783, 60500.000,  -355.612,     0.686
 31978.882, 60500.000,  -303.571,     0.596
 58294.410, 60500.000,  -390.306,     0.494
 51218.634, 60500.000,  -332.483,     0.911
 25618.634, 60500.000,  -306.463,     0.807
 44301.863, 60500.000,  -312.245,     0.512
 41678.261, 60500.000,  -387.415,     0.146
 22438.509, 60500.000,  -297.789,     0.523
 43586.335, 60500.000,  -387.415,     0.157
 37941.615, 60500.000,  -329.592,     0.868
 53842.236, 60500.000,  -300.680,     0.672
 17191.304, 60500.000,  -268.878,     0.494
 54716.770, 60500.000,  -346.939,     0.853
 58055.901, 60500.000,  -361.395,     0.676
  9559.006, 60500.000,  -309.354,     0.947
 23790.062, 60500.000,  -280.442,     0.518
 18065.839, 60500.000,  -297.789,     0.752
 39134.161, 60500.000,  -378.741,     0.878
 45732.919, 60500.000,  -370.068,     0.448
 22677.019, 60500.000,  -306.463,     0.227
 59009.938, 60500.000,  -390.306,     0.494
 60520.497, 60500.000,  -364.286,     0.916
 16952.795, 60500.000,  -268.878,     0.455
 51536.646, 60500.000,  -367.177,     0.503
 23074.534, 60500.000,  -257.313,     0.603
 60440.994, 60500.000,  -390.306,     0.873
 35238.509, 60500.000,  -378.741,     0.921
 42552.795, 60500.000,  -370.068,     0.466
 39054.658, 60500.000,  -297.789,     0.965
 48277.019, 60500.000,  -309.354,     0.765
 54478.261, 60500.000,  -318.027,     0.727
 54319.255, 60500.000,  -387.415,     0.506
 48356.522, 60500.000,  -297.789,     0.715
 37544.099, 60500.000,  -346.939,     0.761
 10274.534, 60500.000,  -257.313,     0.556
 25857.143, 60500.000,  -318.027,     0.305
 18781.366, 60500.000,  -306.463,     0.236
 47322.981, 60500.000,  -346.939,     0.965
 55352.795, 60500.000,  -312.245,     0.713
 12580.124, 60500.000,  -248.639,     0.858
 45732.919, 60500.000,  -303.571,     0.827
 45494.410, 60500.000,  -349.830,     0.871
 41757.764, 60500.000,  -323.810,     0.880
 41121.739, 60500.000,  -352.721,     0.906
 51536.646, 60500.000,  -329.592,     0.935
 10592.547, 60500.000,  -283.333,     0.475
 33171.429, 60500.000,  -332.483,     0.452
 54637.267, 60500.000,  -378.741,     0.508
 28639.752, 60500.000,  -309.354,     0.590
 30865.839, 60500.000,  -294.898,     0.378
 51377.640, 60500.000,  -303.571,     0.683
 59804.969, 60500.000,  -375.850,     0.930
 21166.460, 60500.000,  -303.571,     0.659
 33012.422, 60500.000,  -283.333,     0.533
 31263.354, 60500.000,  -332.483,     0.864
 20609.938, 60500.000,  -303.571,     0.697
 22677.019, 60500.000,  -277.551,     0.404
 10036.025, 60500.000,  -297.789,     0.496
 48754.037, 60500.000,  -364.286,     0.539
 44222.360, 60500.000,  -355.612,     0.757
 23074.534, 60500.000,  -297.789,     0.585
 39452.174, 60500.000,  -323.810,     0.882
 53842.236, 60500.000,  -344.048,     0.890
 55273.292, 60500.000,  -401.871,     0.838
 14408.696, 60500.000,  -297.789,     0.169
 58055.901, 60500.000,  -318.027,     0.715
 44858.385, 60500.000,  -335.374,     0.899
 22438.509, 60500.000,  -309.354,     0.208
 19178.882, 60500.000,  -323.810,     0.462
 32773.913, 60500.000,  -372.959,     0.097
 44142.857, 60500.000,  -294.898,     0.752
 56783.851, 60500.000,  -407.653,     0.127
 59168.944, 60500.000,  -396.088,     0.328
 57181.366, 60500.000,  -401.871,     0.915
 42632.298, 60500.000,  -346.939,     0.736
 54001.242, 60500.000,  -398.980,     0.889
 42155.280, 60500.000,  -315.136,     0.438
 54160.248, 60500.000,  -344.048,     0.945
 28480.745, 60500.000,  -349.830,     0.600
 34761.491, 60500.000,  -370.068,     0.501
 15124.224, 60500.000,  -315.136,     0.497
 46368.944, 60500.000,  -318.027,     0.435
 48595.031, 60500.000,  -390.306,     0.127
 48118.012, 60500.000,  -367.177,     0.510
 31104.348, 60500.000,  -309.354,     0.502
 25221.118, 60500.000,  -315.136,     0.556
 41996.273, 60500.000,  -309.354,     0.650
 46209.938, 60500.000,  -378.741,     0.922
 56783.851, 60500.000,  -332.483,     0.546
 57737.888, 60500.000,  -390.306,     0.488
 53603.727, 60500.000,  -361.395,     0.916
 16793.789, 60500.000,  -265.986,     0.543
 58373.913, 60500.000,  -341.156,     0.400
 11467.081, 60500.000,  -306.463,     0.574
 24823.602, 60500.000,  -260.204,     0.964
 10354.037, 60500.000,  -251.531,     0.810
 38418.634, 60500.000,  -326.701,     0.840
 42791.304, 60500.000,  -315.136,     0.420
 44222.360, 60500.000,  -294.898,     0.796
 14488.199, 60500.000,  -277.551,     0.847
 17270.807, 60500.000,  -265.986,     0.564
 59645.963, 60500.000,  -352.721,     0.598
 25698.137, 60500.000,  -318.027,     0.316
 29514.286, 60500.000,  -326.701,     0.378
 39849.689, 60500.000,  -306.463,     0.602
 41837.267, 60500.000,  -300.680,     0.902
 29832.298, 60500.000,  -355.612,     0.087
 24982.609, 60500.000,  -306.463,     0.246
 54239.752, 60500.000,  -344.048,     0.982
 56386.335, 60500.000,  -320.918,     0.653
 33091.925, 60500.000,  -346.939,     0.609
 32694.410, 60500.000,  -346.939,     0.513
 32853.416, 60500.000,  -303.571,     0.364
 59407.453, 60500.000,  -407.653,     0.917
 41280.745, 60500.000,  -338.265,     0.925
 12182.609, 60500.000,  -239.966,     0.292
 22040.994, 60500.000,  -292.007,     0.436
 30388.820, 60500.000,  -300.680,     0.665
 16316.770, 60500.000,  -268.878,     0.506
 28957.764, 60500.000,  -280.442,     0.887
 21484.472, 60500.000,  -280.442,     0.290
 56545.342, 60500.000,  -346.939,     0.855
 19019.876, 60500.000,  -286.224,     0.854
 29832.298, 60500.000,  -335.374,     0.728
 33250.932, 60500.000,  -294.898,     0.598
 35795.031, 60500.000,  -318.027,     0.843
 60122.981, 60500.000,  -413.435,     0.114
 19735.404, 60500.000,  -329.592,     0.680
 16237.267, 60500.000,  -292.007,     0.475
 45812.422, 60500.000,  -378.741,     0.962
 25777.640, 60500.000,  -263.095,     0.114
 52252.174, 60500.000,  -318.027,     0.704
 14011.180, 60500.000,  -257.313,     0.730
 17906.832, 60500.000,  -292.007,     0.465
 39213.665, 60500.000,  -335.374,     0.678
 48595.031, 60500.000,  -315.136,     0.556
 56863.354, 60500.000,  -326.701,     0.808
 12977.640, 60500.000,  -271.769,     0.713
 47879.503, 60500.000,  -323.810,     0.678
 50423.602, 60500.000,  -349.830,     0.946
 16555.280, 60500.000,  -320.918,     0.487
 32217.391, 60500.000,  -283.333,     0.925
 10990.062, 60500.000,  -254.422,     0.693
 35636.025, 60500.000,  -326.701,     0.647
 54637.267, 60500.000,  -306.463,     0.885
 39452.174, 60500.000,  -349.830,     0.973
 29116.770, 60500.000,  -292.007,     0.536
 48436.025, 60500.000,  -303.571,     0.778
 54955.280, 60500.000,  -335.374,     0.472
 31899.379, 60500.000,  -352.721,     0.399
 58930.435, 60500.000,  -315.136,     0.664
 49469.565, 60500.000,  -355.612,     0.797
 45176.398, 60500.000,  -318.027,     0.571
 14170.186, 60500.000,  -277.551,     0.822
 26890.683, 60500.000,  -300.680,     0.729
 56068.323, 60500.000,  -352.721,     0.881
 56942.857, 60500.000,  -384.524,     0.465
 40247.205, 60500.000,  -367.177,     0.432
 42314.286, 60500.000,  -372.959,     0.602
 41280.745, 60500.000,  -294.898,     0.667
 47481.988, 60500.000,  -387.415,     0.152
 46368.944, 60500.000,  -352.721,     0.906
 33091.925, 60500.000,  -286.224,     0.801
 43427.329, 60500.000,  -344.048,     0.875
 50662.112, 60500.000,  -320.918,     0.498
 41280.745, 60500.000,  -309.354,     0.574
 27129.193, 60500.000,  -303.571,     0.881
 51536.646, 60500.000,  -335.374,     0.860
 21166.460, 60500.000,  -300.680,     0.669
 45653.416, 60500.000,  -326.701,     0.952
 46289.441, 60500.000,  -335.374,     0.845
 43665.839, 60500.000,  -378.741,     0.939
 58850.932, 60500.000,  -390.306,     0.453
  9479.503, 60500.000,  -274.660,     0.910
 59884.472, 60500.000,  -318.027,     0.827
 34681.988, 60500.000,  -361.395,     0.637
 13375.155, 60500.000,  -300.680,     0.458
 27447.205, 60500.000,  -344.048,     0.662
 33250.932, 60500.000,  -332.483,     0.406
 13852.174, 60500.000,  -309.354,     0.451
 34840.994, 60500.000,  -306.463,     0.404
 18860.870, 60500.000,  -297.789,     0.461
 55034.783, 60500.000,  -378.741,     0.458
 41916.770, 60500.000,  -335.374,     0.899
 36828.571, 60500.000,  -318.027,     0.808
 44301.863, 60500.000,  -381.633,     0.936
 10592.547, 60500.000,  -303.571,     0.460
 46289.441, 60500.000,  -323.810,     0.717
 45891.925, 60500.000,  -372.959,     0.585
 22040.994, 60500.000,  -303.571,     0.492
 36590.062, 60500.000,  -367.177,     0.460
 31978.882, 60500.000,  -289.116,     0.733
 52649.689, 60500.000,  -401.871,     0.136
 41757.764, 60500.000,  -387.415,     0.143
 53126.708, 60500.000,  -312.245,     0.729
 14647.205, 60500.000,  -260.204,     0.779
 59089.441, 60500.000,  -349.830,     0.389
 14726.708, 60500.000,  -265.986,     0.582
 45653.416, 60500.000,  -332.483,     0.843
 54637.267, 60500.000,  -361.395,     0.597
  9877.019, 60500.000,  -292.007,     0.565
 55670.807, 60500.000,  -312.245,     0.653
 48356.522, 60500.000,  -315.136,     0.649
 42552.795, 60500.000,  -294.898,     0.576
  9400.000, 60500.000,  -257.313,     0.754
 26175.155, 60500.000,  -318.027,     0.435
 37464.596, 60500.000,  -378.741,     0.908
 17986.335, 60500.000,  -277.551,     0.474
 12023.602, 60500.000,  -271.769,     0.734
 30627.329, 60500.000,  -329.592,     0.475
 56942.857, 60500.000,  -326.701,     0.906
 26254.658, 60500.000,  -297.789,     0.883
 45812.422, 60500.000,  -335.374,     0.859
 48515.528, 60500.000,  -372.959,     0.406
 56783.851, 60500.000,  -352.721,     0.953
 48754.037, 60500.000,  -303.571,     0.732
 31581.366, 60500.000,  -352.721,     0.381
 51298.137, 60500.000,  -393.197,     0.131
 56068.323, 60500.000,  -338.265,     0.770
 42870.807, 60500.000,  -361.395,     0.867
 37862.112, 60500.000,  -294.898,     0.929
 47720.497, 60500.000,  -312.245,     0.707
 24426.087, 60500.000,  -277.551,     0.453
 52649.689, 60500.000,  -364.286,     0.633
 56068.323, 60500.000,  -346.939,     0.760
 26572.671, 60500.000,  -303.571,     0.714
 39611.180, 60500.000,  -349.830,     0.924
 21007.453, 60500.000,  -303.571,     0.632
 28560.248, 60500.000,  -338.265,     0.810
 37544.099, 60500.000,  -320.918,     0.868
 21245.963, 60500.000,  -300.680,     0.579
 60520.497, 60500.000,  -361.395,     0.947
 47004.969, 60500.000,  -323.810,     0.709
 39531.677, 60500.000,  -286.224,     0.519
 47561.491, 60500.000,  -312.245,     0.784
 59725.466, 60500.000,  -367.177,     0.570
 41042.236, 60500.000,  -309.354,     0.524
 45096.894, 60500.000,  -303.571,     0.932
 32217.391, 60500.000,  -349.830,     0.606
 13693.168, 60500.000,  -248.639,     0.739
 55988.820, 60500.000,  -396.088,     0.892
 14249.689, 60500.000,  -315.136,     0.419
 55909.317, 60500.000,  -320.918,     0.666
 55591.304, 60500.000,  -335.374,     0.692
 34443.478, 60500.000,  -300.680,     0.619
 52411.180, 60500.000,  -349.830,     0.550
 38736.646, 60500.000,  -329.592,     0.921
 38975.155, 60500.000,  -312.245,     0.478
 39452.174, 60500.000,  -341.156,     0.763
 35874.534, 60500.000,  -300.680,     0.928
 32296.894, 60500.000,  -338.265,     0.565
 33489.441, 60500.000,  -370.068,     0.941
 13852.174, 60500.000,  -271.769,     0.489
 11387.578, 60500.000,  -283.333,     0.465
 52172.671, 60500.000,  -306.463,     0.712
 12341.615, 60500.000,  -257.313,     0.401
 57896.894, 60500.000,  -352.721,     0.769
 27367.702, 60500.000,  -274.660,     0.533
 51775.155, 60500.000,  -358.503,     0.921
  9718.012, 60500.000,  -280.442,     0.981
 25777.640, 60500.000,  -289.116,     0.559
 26811.180, 60500.000,  -335.374,     0.684
 15839.752, 60500.000,  -263.095,     0.662
 38577.640, 60500.000,  -355.612,     0.921
 60281.988, 60500.000,  -375.850,     0.943
 39849.689, 60500.000,  -309.354,     0.505
 40883.230, 60500.000,  -294.898,     0.978
 39293.168, 60500.000,  -306.463,     0.578
 50185.093, 60500.000,  -370.068,     0.411
 47720.497, 60500.000,  -329.592,     0.957
 43983.851, 60500.000,  -312.245,     0.555
 50582.609, 60500.000,  -341.156,     0.549
 33012.422, 60500.000,  -344.048,     0.515
 13931.677, 60500.000,  -263.095,     0.450
 40803.727, 60500.000,  -355.612,     0.875
 37703.106, 60500.000,  -364.286,     0.522
 48038.509, 60500.000,  -346.939,     0.904
 26731.677, 60500.000,  -292.007,     0.435
 38975.155, 60500.000,  -372.959,     0.897
 57181.366, 60500.000,  -361.395,     0.626
 41121.739, 60500.000,  -358.503,     0.767
 33330.435, 60500.000,  -338.265,     0.754
 17032.298, 60500.000,  -300.680,     0.290
 36749.068, 60500.000,  -361.395,     0.742
 24664.596, 60500.000,  -297.789,     0.664
 39770.186, 60500.000,  -335.374,     0.871
 56386.335, 60500.000,  -309.354,     0.858
 10592.547, 60500.000,  -297.789,     0.231
 37703.106, 60500.000,  -297.789,     0.796
 20768.944, 60500.000,  -289.116,     0.801
 37862.112, 60500.000,  -326.701,     0.713
 55591.304, 60500.000,  -393.197,     0.690
 31819.876, 60500.000,  -283.333,     0.903
 32932.919, 60500.000,  -309.354,     0.739
 48833.540, 60500.000,  -349.830,     0.908
 31899.379, 60500.000,  -315.136,     0.497
 36192.547, 60500.000,  -381.633,     0.928
 35477.019, 60500.000,  -355.612,     0.660
 43586.335, 60500.000,  -335.374,     0.916
  9638.509, 60500.000,  -251.531,     0.718
 51934.161, 60500.000,  -306.463,     0.732
 50821.118, 60500.000,  -300.680,     0.730
 47879.503, 60500.000,  -294.898,     0.561
 28162.733, 60500.000,  -320.918,     0.670
 59804.969, 60500.000,  -372.959,     0.772
 26334.161, 60500.000,  -315.136,     0.716
 29514.286, 60500.000,  -323.810,     0.363
 39213.665, 60500.000,  -349.830,     0.939
 41201.242, 60500.000,  -309.354,     0.567
 17747.826, 60500.000,  -297.789,     0.687
 28560.248, 60500.000,  -280.442,     0.910
 32296.894, 60500.000,  -318.027,     0.889
 19417.391, 60500.000,  -257.313,     0.425
 22279.503, 60500.000,  -286.224,     0.859
 44858.385, 60500.000,  -323.810,     0.912
 53126.708, 60500.000,  -358.503,     0.913
 46368.944, 60500.000,  -344.048,     0.949
 29116.770, 60500.000,  -338.265,     0.596
 11944.099, 60500.000,  -292.007,     0.205
 19019.876, 60500.000,  -257.313,     0.504
 32455.901, 60500.000,  -312.245,     0.500
 14408.696, 60500.000,  -318.027,     0.115
 12659.627, 60500.000,  -268.878,     0.558
 56783.851, 60500.000,  -309.354,     0.807
 49469.565, 60500.000,  -344.048,     0.738
 48118.012, 60500.000,  -358.503,     0.687
 41598.758, 60500.000,  -375.850,     0.780
 35477.019, 60500.000,  -335.374,     0.693
 46289.441, 60500.000,  -364.286,     0.516
 56863.354, 60500.000,  -349.830,     0.871
 26970.186, 60500.000,  -277.551,     0.914
 55193.789, 60500.000,  -309.354,     0.711
 37862.112, 60500.000,  -378.741,     0.946
 48595.031, 60500.000,  -370.068,     0.391
 33727.950, 60500.000,  -346.939,     0.666
 44142.857, 60500.000,  -381.633,     0.935
 42711.801, 60500.000,  -370.068,     0.460
 50662.112, 60500.000,  -349.830,     0.967
 29196.273, 60500.000,  -280.442,     0.944
 43665.839, 60500.000,  -375.850,     0.879
 37146.584, 60500.000,  -367.177,     0.493
 59407.453, 60500.000,  -367.177,     0.502
  9559.006, 60500.000,  -300.680,     0.860
 10910.559, 60500.000,  -312.245,     0.442
 11308.075, 60500.000,  -289.116,     0.572
 28321.739, 60500.000,  -294.898,     0.486
 21325.466, 60500.000,  -260.204,     0.364
 45812.422, 60500.000,  -344.048,     0.968
 13136.646, 60500.000,  -297.789,     0.208
 16555.280, 60500.000,  -318.027,     0.451
 18860.870, 60500.000,  -318.027,     0.768
 17827.329, 60500.000,  -312.245,     0.541
 25300.621, 60500.000,  -341.156,     0.111
 58453.416, 60500.000,  -318.027,     0.699
 59645.963, 60500.000,  -315.136,     0.616
 33807.453, 60500.000,  -292.007,     0.903
 22438.509, 60500.000,  -271.769,     0.488
 16555.280, 60500.000,  -260.204,     0.612
 23790.062, 60500.000,  -335.374,     0.133
 47084.472, 60500.000,  -346.939,     0.974
 17350.311, 60500.000,  -306.463,     0.232
 11546.584, 60500.000,  -312.245,     0.444
 45176.398, 60500.000,  -358.503,     0.788
 19496.894, 60500.000,  -274.660,     0.409
 32058.385, 60500.000,  -292.007,     0.496
  9479.503, 60500.000,  -312.245,     0.262
 54398.758, 60500.000,  -375.850,     0.513
 19814.907, 60500.000,  -309.354,     0.178
 33171.429, 60500.000,  -286.224,     0.723
 10513.043, 60500.000,  -283.333,     0.485
 29593.789, 60500.000,  -332.483,     0.853
 23551.553, 60500.000,  -306.463,     0.229
 28878.261, 60500.000,  -332.483,     0.666
 20848.447, 60500.000,  -326.701,     0.489
 50026.087, 60500.000,  -367.177,     0.442
  9638.509, 60500.000,  -248.639,     0.807
 16237.267, 60500.000,  -294.898,     0.818
 57896.894, 60500.000,  -404.762,     0.959
 48038.509, 60500.000,  -306.463,     0.890
 45255.901, 60500.000,  -375.850,     0.797
 51854.658, 60500.000,  -355.612,     0.880
 14408.696, 60500.000,  -280.442,     0.644
 32932.919, 60500.000,  -292.007,     0.577
 47800.000, 60500.000,  -326.701,     0.891
 52172.671, 60500.000,  -315.136,     0.860
 22677.019, 60500.000,  -292.007,     0.445
 44063.354, 60500.000,  -355.612,     0.851
 59884.472, 60500.000,  -358.503,     0.872
 11785.093, 60500.000,  -254.422,     0.596
 25698.137, 60500.000,  -320.918,     0.450
 48197.516, 60500.000,  -335.374,     0.925
 54319.255, 60500.000,  -303.571,     0.658
 20291.925, 60500.000,  -257.313,     0.348
 54716.770, 60500.000,  -335.374,     0.513
 28719.255, 60500.000,  -338.265,     0.787
 53444.720, 60500.000,  -309.354,     0.609
 16714.286, 60500.000,  -318.027,     0.471
 16078.261, 60500.000,  -306.463,     0.243
 53762.733, 60500.000,  -326.701,     0.671
 55591.304, 60500.000,  -407.653,     0.126
 45335.404, 60500.000,  -329.592,     0.982
 51854.658, 60500.000,  -332.483,     0.919
 53683.230, 60500.000,  -309.354,     0.543
 52013.665, 60500.000,  -332.483,     0.939
 35715.528, 60500.000,  -297.789,     0.897
 44222.360, 60500.000,  -303.571,     0.514
 29355.280, 60500.000,  -335.374,     0.734
 23790.062, 60500.000,  -294.898,     0.499
 18065.839, 60500.000,  -274.660,     0.460
 17509.317, 60500.000,  -297.789,     0.594
 58850.932, 60500.000,  -387.415,     0.495
 11546.584, 60500.000,  -303.571,     0.779
 10831.056, 60500.000,  -280.442,     0.535
 57101.863, 60500.000,  -344.048,     0.711
 50264.596, 60500.000,  -332.483,     0.874
 24187.578, 60500.000,  -265.986,     0.826
 17906.832, 60500.000,  -283.333,     0.857
 33727.950, 60500.000,  -338.265,     0.738
 38816.149, 60500.000,  -294.898,     0.956
 23154.037, 60500.000,  -274.660,     0.404
 23710.559, 60500.000,  -292.007,     0.466
 50185.093, 60500.000,  -318.027,     0.590
 40088.199, 60500.000,  -309.354,     0.532
 54637.267, 60500.000,  -401.871,     0.128
 21166.460, 60500.000,  -289.116,     0.815
 49549.068, 60500.000,  -381.633,     0.872
 46368.944, 60500.000,  -349.830,     0.922
 20450.932, 60500.000,  -260.204,     0.716
 14567.702, 60500.000,  -303.571,     0.450
 40088.199, 60500.000,  -370.068,     0.556
 15283.230, 60500.000,  -312.245,     0.454
 52013.665, 60500.000,  -384.524,     0.701
 38339.130, 60500.000,  -358.503,     0.925
 28003.727, 60500.000,  -329.592,     0.309
 47959.006, 60500.000,  -375.850,     0.500
 36669.565, 60500.000,  -315.136,     0.491
 24187.578, 60500.000,  -257.313,     0.484
  9479.503, 60500.000,  -306.463,     0.962
 53126.708, 60500.000,  -309.354,     0.587
 29116.770, 60500.000,  -341.156,     0.593
 55591.304, 60500.000,  -361.395,     0.765
 50662.112, 60500.000,  -326.701,     0.706
 57658.385, 60500.000,  -370.068,     0.896
 55909.317, 60500.000,  -381.633,     0.506
 21643.478, 60500.000,  -286.224,     0.702
 17986.335, 60500.000,  -303.571,     0.244
 24823.602, 60500.000,  -309.354,     0.183
 30547.826, 60500.000,  -292.007,     0.458
 47640.994, 60500.000,  -364.286,     0.578
 28798.758, 60500.000,  -297.789,     0.458
 55670.807, 60500.000,  -398.980,     0.930
 56942.857, 60500.000,  -355.612,     0.928
 13534.161, 60500.000,  -300.680,     0.303
 21325.466, 60500.000,  -289.116,     0.702
 16237.267, 60500.000,  -263.095,     0.567
 32694.410, 60500.000,  -344.048,     0.442
 55352.795, 60500.000,  -332.483,     0.575
 38577.640, 60500.000,  -370.068,     0.589
 43665.839, 60500.000,  -312.245,     0.510
 60361.491, 60500.000,  -396.088,     0.543
 13295.652, 60500.000,  -277.551,     0.684
 54478.261, 60500.000,  -332.483,     0.533
 45176.398, 60500.000,  -370.068,     0.455
 38975.155, 60500.000,  -349.830,     0.948
 21404.969, 60500.000,  -283.333,     0.349
 51854.658, 60500.000,  -349.830,     0.872
 59089.441, 60500.000,  -332.483,     0.875
 30468.323, 60500.000,  -323.810,     0.382
 22438.509, 60500.000,  -300.680,     0.740
 44460.870, 60500.000,  -381.633,     0.943
 49946.584, 60500.000,  -344.048,     0.503
 47402.484, 60500.000,  -344.048,     0.895
 16157.764, 60500.000,  -294.898,     0.756
 40962.733, 60500.000,  -315.136,     0.675
 16316.770, 60500.000,  -283.333,     0.829
 18065.839, 60500.000,  -318.027,     0.614
 48515.528, 60500.000,  -390.306,     0.086
 13057.143, 60500.000,  -263.095,     0.338
 31660.870, 60500.000,  -326.701,     0.388
 48754.037, 60500.000,  -335.374,     0.813
 16157.764, 60500.000,  -300.680,     0.249
 31024.845, 60500.000,  -309.354,     0.484
 54637.267, 60500.000,  -398.980,     0.917
 53365.217, 60500.000,  -306.463,     0.579
 19019.876, 60500.000,  -254.422,     0.023
 41201.242, 60500.000,  -294.898,     0.713
 17906.832, 60500.000,  -260.204,     0.909
 47879.503, 60500.000,  -361.395,     0.777
 11387.578, 60500.000,  -274.660,     0.835
 19576.398, 60500.000,  -289.116,     0.645
 17588.820, 60500.000,  -294.898,     0.831
 10831.056, 60500.000,  -251.531,     0.824
 15601.242, 60500.000,  -260.204,     0.642
 52411.180, 60500.000,  -329.592,     0.624
 37146.584, 60500.000,  -297.789,     0.957
 17747.826, 60500.000,  -289.116,     0.470
 49390.062, 60500.000,  -387.415,     0.916
 10513.043, 60500.000,  -286.224,     0.508
 26016.149, 60500.000,  -300.680,     0.606
 50900.621, 60500.000,  -294.898,     0.576
 57260.870, 60500.000,  -355.612,     0.892
 43665.839, 60500.000,  -332.483,     0.955
 42155.280, 60500.000,  -346.939,     0.745
 56306.832, 60500.000,  -396.088,     0.827
 14408.696, 60500.000,  -271.769,     0.425
 11864.596, 60500.000,  -265.986,     0.330
 59804.969, 60500.000,  -346.939,     0.397
 33330.435, 60500.000,  -361.395,     0.416
 12103.106, 60500.000,  -251.531,     0.776
 47481.988, 60500.000,  -312.245,     0.678
 10672.050, 60500.000,  -274.660,     0.852
 15442.236, 60500.000,  -274.660,     0.587
 23710.559, 60500.000,  -326.701,     0.606
 35795.031, 60500.000,  -303.571,     0.620
 46050.932, 60500.000,  -318.027,     0.511
 43029.814, 60500.000,  -381.633,     0.969
 16793.789, 60500.000,  -318.027,     0.473
 36749.068, 60500.000,  -367.177,     0.443
 51854.658, 60500.000,  -318.027,     0.602
 57976.398, 60500.000,  -318.027,     0.726
 38657.143, 60500.000,  -315.136,     0.618
 53921.739, 60500.000,  -390.306,     0.698
 20450.932, 60500.000,  -320.918,     0.841
 22915.528, 60500.000,  -277.551,     0.441
 18224.845, 60500.000,  -283.333,     0.891
 46845.963, 60500.000,  -300.680,     0.796
 21563.975, 60500.000,  -265.986,     0.854
 30706.832, 60500.000,  -329.592,     0.458
 29991.304, 60500.000,  -341.156,     0.723
 25300.621, 60500.000,  -329.592,     0.716
 51139.130, 60500.000,  -297.789,     0.714
 43109.317, 60500.000,  -292.007,     0.555
 57340.373, 60500.000,  -338.265,     0.469
 24585.093, 60500.000,  -257.313,     0.599
 52570.186, 60500.000,  -326.701,     0.471
 22915.528, 60500.000,  -315.136,     0.817
 39929.193, 60500.000,  -309.354,     0.517
 25936.646, 60500.000,  -315.136,     0.502
 24982.609, 60500.000,  -312.245,     0.315
 32296.894, 60500.000,  -332.483,     0.820
 28083.230, 60500.000,  -323.810,     0.448
 44858.385, 60500.000,  -292.007,     0.674
 29037.267, 60500.000,  -341.156,     0.589
 41598.758, 60500.000,  -370.068,     0.455
 34840.994, 60500.000,  -338.265,     0.406
 56783.851, 60500.000,  -306.463,     0.699
 56227.329, 60500.000,  -367.177,     0.874
 28639.752, 60500.000,  -344.048,     0.800
 25698.137, 60500.000,  -332.483,     0.674
 19417.391, 60500.000,  -315.136,     0.504
 23949.068, 60500.000,  -320.918,     0.565
 26334.161, 60500.000,  -277.551,     0.659
 20768.944, 60500.000,  -318.027,     0.733
 48595.031, 60500.000,  -332.483,     0.909
 59566.460, 60500.000,  -326.701,     0.792
 18065.839, 60500.000,  -326.701,     0.130
 35079.503, 60500.000,  -355.612,     0.620
 47800.000, 60500.000,  -361.395,     0.710
 33091.925, 60500.000,  -361.395,     0.429
 42314.286, 60500.000,  -338.265,     0.968
 46607.453, 60500.000,  -364.286,     0.491
 15124.224, 60500.000,  -277.551,     0.900
 30547.826, 60500.000,  -329.592,     0.477
 48515.528, 60500.000,  -318.027,     0.530
 59248.447, 60500.000,  -329.592,     0.926
 18701.863, 60500.000,  -323.810,     0.475
 41201.242, 60500.000,  -358.503,     0.798
 26811.180, 60500.000,  -338.265,     0.522
 58373.913, 60500.000,  -355.612,     0.912
 12421.118, 60500.000,  -239.966,     0.288
 25777.640, 60500.000,  -283.333,     0.531
 23392.547, 60500.000,  -309.354,     0.180
 36351.553, 60500.000,  -352.721,     0.907
 38577.640, 60500.000,  -361.395,     0.528
 28162.733, 60500.000,  -309.354,     0.516
 36033.540, 60500.000,  -309.354,     0.397
 20927.950, 60500.000,  -323.810,     0.550
 23869.565, 60500.000,  -283.333,     0.706
 56863.354, 60500.000,  -387.415,     0.478
 39213.665, 60500.000,  -338.265,     0.625
 25062.112, 60500.000,  -294.898,     0.505
 13852.174, 60500.000,  -292.007,     0.467
 15362.733, 60500.000,  -260.204,     0.621
 33886.957, 60500.000,  -341.156,     0.912
 41360.248, 60500.000,  -300.680,     0.953
 16078.261, 60500.000,  -289.116,     0.445
 36590.062, 60500.000,  -300.680,     0.928
 27765.217, 60500.000,  -309.354,     0.459
 30388.820, 60500.000,  -315.136,     0.765
 50503.106, 60500.000,  -344.048,     0.618
 14329.193, 60500.000,  -242.857,     0.350
 43745.342, 60500.000,  -294.898,     0.734
 10990.062, 60500.000,  -315.136,     0.106
 24028.571, 60500.000,  -263.095,     0.958
 40326.708, 60500.000,  -370.068,     0.499
 38259.627, 60500.000,  -367.177,     0.427
 31104.348, 60500.000,  -303.571,     0.826
 32932.919, 60500.000,  -283.333,     0.420
 59645.963, 60500.000,  -401.871,     0.525
 56068.323, 60500.000,  -306.463,     0.704
 52570.186, 60500.000,  -355.612,     0.941
 37703.106, 60500.000,  -358.503,     0.940
 26652.174, 60500.000,  -329.592,     0.450
 57658.385, 60500.000,  -323.810,     0.862
 36669.565, 60500.000,  -367.177,     0.485
 12659.627, 60500.000,  -303.571,     0.720
 43983.851, 60500.000,  -341.156,     0.974
 37782.609, 60500.000,  -326.701,     0.666
 51616.149, 60500.000,  -352.721,     0.910
 47561.491, 60500.000,  -338.265,     0.861
 55750.311, 60500.000,  -318.027,     0.504
 39611.180, 60500.000,  -335.374,     0.859
 35397.516, 60500.000,  -358.503,     0.822
 30070.807, 60500.000,  -341.156,     0.676
 43188.820, 60500.000,  -381.633,     0.945
 31104.348, 60500.000,  -323.810,     0.392
 30627.329, 60500.000,  -300.680,     0.673
 17032.298, 60500.000,  -292.007,     0.497
 51059.627, 60500.000,  -367.177,     0.475
 24823.602, 60500.000,  -303.571,     0.412
 10513.043, 60500.000,  -312.245,     0.458
 34443.478, 60500.000,  -303.571,     0.429
 58453.416, 60500.000,  -358.503,     0.871
 50503.106, 60500.000,  -338.265,     0.520
 12103.106, 60500.000,  -297.789,     0.247
 15124.224, 60500.000,  -260.204,     0.695
 17509.317, 60500.000,  -306.463,     0.196
