#X,Y,Z,attr 
 15362.733, 60500.000,  -624.490,     0.871
 33966.460, 60500.000,  -667.857,     0.912
 38418.634, 60500.000,  -670.748,     0.689
 43904.348, 60500.000,  -719.898,     0.892
 47959.006, 60500.000,  -714.116,     0.852
 59566.460, 60500.000,  -725.680,     0.683
 16793.789, 60500.000,  -664.966,     0.533
 39849.689, 60500.000,  -667.857,     0.777
 33171.429, 60500.000,  -638.946,     0.982
 59566.460, 60500.000,  -751.701,     0.507
 29832.298, 60500.000,  -662.075,     0.535
 30070.807, 60500.000,  -615.816,     0.875
 21563.975, 60500.000,  -664.966,     0.916
 58373.913, 60500.000,  -708.333,     0.860
 33727.950, 60500.000,  -624.490,     0.540
 53762.733, 60500.000,  -699.660,     0.988
 10990.062, 60500.000,  -592.687,     0.805
 58453.416, 60500.000,  -757.483,     0.741
 49787.578, 60500.000,  -719.898,     0.676
 11308.075, 60500.000,  -636.054,     0.880
 50344.099, 60500.000,  -711.224,     0.501
 17350.311, 60500.000,  -641.837,     0.845
 57737.888, 60500.000,  -705.442,     0.836
 49946.584, 60500.000,  -708.333,     0.487
 49867.081, 60500.000,  -690.986,     0.589
 24903.106, 60500.000,  -650.510,     0.707
 14408.696, 60500.000,  -563.776,     0.901
 35397.516, 60500.000,  -670.748,     0.795
 51695.652, 60500.000,  -690.986,     0.717
 23551.553, 60500.000,  -662.075,     0.654
 42314.286, 60500.000,  -711.224,     0.489
 13613.665, 60500.000,  -624.490,     0.619
 24187.578, 60500.000,  -610.034,     0.965
 39054.658, 60500.000,  -722.789,     0.338
 45096.894, 60500.000,  -740.136,     0.552
 12262.112, 60500.000,  -627.381,     0.846
 18781.366, 60500.000,  -647.619,     0.559
 13216.149, 60500.000,  -624.490,     0.769
 56227.329, 60500.000,  -690.986,     0.770
 56704.348, 60500.000,  -688.095,     0.886
 58771.429, 60500.000,  -717.007,     0.786
 37226.087, 60500.000,  -714.116,     0.510
 54001.242, 60500.000,  -696.769,     0.949
 35159.006, 60500.000,  -690.986,     0.877
 27049.689, 60500.000,  -650.510,     0.717
 11626.087, 60500.000,  -566.667,     0.955
  9956.522, 60500.000,  -586.905,     0.760
 28242.236, 60500.000,  -607.143,     0.690
 15442.236, 60500.000,  -575.340,     0.593
 36113.043, 60500.000,  -679.422,     0.903
 14329.193, 60500.000,  -569.558,     0.886
 55591.304, 60500.000,  -774.830,     0.474
 24744.099, 60500.000,  -589.796,     0.783
 21961.491, 60500.000,  -676.531,     0.939
 40167.702, 60500.000,  -682.313,     0.889
 46130.435, 60500.000,  -711.224,     0.617
 11228.571, 60500.000,  -555.102,     0.916
 23790.062, 60500.000,  -601.361,     0.985
 60202.484, 60500.000,  -740.136,     0.863
 52888.199, 60500.000,  -757.483,     0.573
 31024.845, 60500.000,  -688.095,     0.405
 28957.764, 60500.000,  -592.687,     0.856
 56465.839, 60500.000,  -745.918,     0.661
  9797.516, 60500.000,  -546.429,     0.902
 41916.770, 60500.000,  -693.878,     0.630
 37146.584, 60500.000,  -644.728,     0.192
 28083.230, 60500.000,  -595.578,     0.652
 13057.143, 60500.000,  -627.381,     0.900
 11705.590, 60500.000,  -557.993,     0.828
 19576.398, 60500.000,  -598.469,     0.826
 20371.429, 60500.000,  -615.816,     0.723
 16555.280, 60500.000,  -607.143,     0.887
 53047.205, 60500.000,  -711.224,     0.921
 32932.919, 60500.000,  -647.619,     0.983
 17509.317, 60500.000,  -589.796,     0.879
 51377.640, 60500.000,  -728.571,     0.406
 16078.261, 60500.000,  -598.469,     0.921
 21563.975, 60500.000,  -676.531,     0.922
 32853.416, 60500.000,  -693.878,     0.494
 20927.950, 60500.000,  -670.748,     0.965
 16237.267, 60500.000,  -569.558,     0.901
 47800.000, 60500.000,  -717.007,     0.470
 44381.366, 60500.000,  -731.463,     0.763
 12739.130, 60500.000,  -627.381,     0.927
 38577.640, 60500.000,  -722.789,     0.282
 30468.323, 60500.000,  -636.054,     0.863
 16316.770, 60500.000,  -638.946,     0.819
 28639.752, 60500.000,  -679.422,     0.714
 18860.870, 60500.000,  -592.687,     0.728
 27606.211, 60500.000,  -638.946,     0.698
 49072.050, 60500.000,  -711.224,     0.679
 33966.460, 60500.000,  -679.422,     0.712
 12898.137, 60500.000,  -572.449,     0.852
 53365.217, 60500.000,  -763.265,     0.605
 40406.211, 60500.000,  -670.748,     0.725
 10831.056, 60500.000,  -549.320,     0.678
 15760.248, 60500.000,  -630.272,     0.921
 34602.484, 60500.000,  -638.946,     0.867
 31422.360, 60500.000,  -636.054,     0.886
 51059.627, 60500.000,  -717.007,     0.723
 22677.019, 60500.000,  -578.231,     0.784
 28480.745, 60500.000,  -638.946,     0.870
 15521.739, 60500.000,  -656.293,     0.531
 44699.379, 60500.000,  -705.442,     0.844
 54001.242, 60500.000,  -754.592,     0.970
 47402.484, 60500.000,  -699.660,     0.888
 33012.422, 60500.000,  -638.946,     0.988
 50821.118, 60500.000,  -690.986,     0.792
 37305.590, 60500.000,  -685.204,     0.869
 26095.652, 60500.000,  -682.313,     0.642
 50503.106, 60500.000,  -717.007,     0.812
 26175.155, 60500.000,  -636.054,     0.782
 21722.981, 60500.000,  -673.639,     0.878
 38816.149, 60500.000,  -693.878,     0.681
 54319.255, 60500.000,  -754.592,     0.953
 14647.205, 60500.000,  -621.599,     0.788
 50264.596, 60500.000,  -690.986,     0.725
 54637.267, 60500.000,  -754.592,     0.921
 15998.758, 60500.000,  -581.122,     0.779
 12341.615, 60500.000,  -618.707,     0.538
 11546.584, 60500.000,  -644.728,     0.524
 27844.720, 60500.000,  -690.986,     0.292
 59009.938, 60500.000,  -699.660,     0.935
 28957.764, 60500.000,  -656.293,     0.892
 27447.205, 60500.000,  -598.469,     0.533
 58691.925, 60500.000,  -699.660,     0.914
 43427.329, 60500.000,  -719.898,     0.859
 44381.366, 60500.000,  -719.898,     0.938
 51775.155, 60500.000,  -751.701,     0.582
 60600.000, 60500.000,  -795.068,     0.741
 55909.317, 60500.000,  -688.095,     0.983
 49708.075, 60500.000,  -699.660,     0.893
 50980.124, 60500.000,  -734.354,     0.840
 23790.062, 60500.000,  -641.837,     0.851
 28560.248, 60500.000,  -670.748,     0.620
 12182.609, 60500.000,  -604.252,     0.758
 21563.975, 60500.000,  -604.252,     0.891
 51218.634, 60500.000,  -693.878,     0.702
 36192.547, 60500.000,  -702.551,     0.950
 20212.422, 60500.000,  -673.639,     0.855
 17668.323, 60500.000,  -618.707,     0.668
 22120.497, 60500.000,  -595.578,     0.927
 31660.870, 60500.000,  -624.490,     0.818
 51457.143, 60500.000,  -731.463,     0.536
 59407.453, 60500.000,  -737.245,     0.903
 42791.304, 60500.000,  -682.313,     0.534
 33012.422, 60500.000,  -673.639,     0.519
 58771.429, 60500.000,  -690.986,     0.278
 29832.298, 60500.000,  -615.816,     0.824
 21961.491, 60500.000,  -572.449,     0.048
 44222.360, 60500.000,  -714.116,     0.427
 60043.478, 60500.000,  -734.354,     0.714
 55909.317, 60500.000,  -690.986,     0.953
 34840.994, 60500.000,  -667.857,     0.669
 19814.907, 60500.000,  -624.490,     0.808
 16555.280, 60500.000,  -636.054,     0.843
 27288.199, 60500.000,  -578.231,     0.115
  9956.522, 60500.000,  -572.449,     0.716
 33330.435, 60500.000,  -627.381,     0.523
 49469.565, 60500.000,  -676.531,     0.165
 11626.087, 60500.000,  -592.687,     0.828
 58453.416, 60500.000,  -754.592,     0.523
 14647.205, 60500.000,  -569.558,     0.802
 53206.211, 60500.000,  -748.810,     0.839
 37305.590, 60500.000,  -664.966,     0.840
 11626.087, 60500.000,  -581.122,     0.538
 38259.627, 60500.000,  -653.401,     0.871
 26095.652, 60500.000,  -610.034,     0.956
 24744.099, 60500.000,  -604.252,     0.938
 32296.894, 60500.000,  -653.401,     0.847
 59486.957, 60500.000,  -748.810,     0.763
 32694.410, 60500.000,  -662.075,     0.582
 57499.379, 60500.000,  -693.878,     0.834
 31024.845, 60500.000,  -676.531,     0.868
 11467.081, 60500.000,  -549.320,     0.853
 28719.255, 60500.000,  -621.599,     0.732
 34204.969, 60500.000,  -667.857,     0.900
 58691.925, 60500.000,  -722.789,     0.559
 23472.050, 60500.000,  -627.381,     0.890
 19655.901, 60500.000,  -659.184,     0.634
 27049.689, 60500.000,  -688.095,     0.470
 48515.528, 60500.000,  -725.680,     0.599
 47481.988, 60500.000,  -740.136,     0.808
 34920.497, 60500.000,  -708.333,     0.521
 54001.242, 60500.000,  -731.463,     0.609
 46527.950, 60500.000,  -685.204,     0.972
 10990.062, 60500.000,  -569.558,     0.741
 45653.416, 60500.000,  -699.660,     0.686
 30706.832, 60500.000,  -667.857,     0.539
 21484.472, 60500.000,  -682.313,     0.385
 31581.366, 60500.000,  -664.966,     0.491
 36192.547, 60500.000,  -641.837,     0.820
 55988.820, 60500.000,  -685.204,     0.277
 57181.366, 60500.000,  -769.048,     0.500
 11944.099, 60500.000,  -612.925,     0.555
 14011.180, 60500.000,  -584.014,     0.957
 30150.311, 60500.000,  -670.748,     0.776
 44778.882, 60500.000,  -673.639,     0.799
 46766.460, 60500.000,  -705.442,     0.593
 17588.820, 60500.000,  -653.401,     0.875
 19417.391, 60500.000,  -589.796,     0.702
 10354.037, 60500.000,  -644.728,     0.676
 24108.075, 60500.000,  -670.748,     0.958
 55352.795, 60500.000,  -728.571,     0.936
 43904.348, 60500.000,  -728.571,     0.886
 19178.882, 60500.000,  -589.796,     0.873
 18701.863, 60500.000,  -601.361,     0.470
 38180.124, 60500.000,  -679.422,     0.808
 42791.304, 60500.000,  -664.966,     0.898
 36908.075, 60500.000,  -647.619,     0.738
 39929.193, 60500.000,  -702.551,     0.418
 40883.230, 60500.000,  -714.116,     0.929
 40088.199, 60500.000,  -699.660,     0.457
 23790.062, 60500.000,  -598.469,     0.919
 19099.379, 60500.000,  -615.816,     0.898
 37305.590, 60500.000,  -711.224,     0.732
 14408.696, 60500.000,  -621.599,     0.596
 42552.795, 60500.000,  -725.680,     0.920
 20689.441, 60500.000,  -618.707,     0.738
 14647.205, 60500.000,  -601.361,     0.597
 32058.385, 60500.000,  -641.837,     0.779
 16952.795, 60500.000,  -650.510,     0.976
 15998.758, 60500.000,  -659.184,     0.557
 28003.727, 60500.000,  -624.490,     0.894
 23074.534, 60500.000,  -679.422,     0.743
 35556.522, 60500.000,  -676.531,     0.902
 45732.919, 60500.000,  -673.639,     0.795
 25618.634, 60500.000,  -650.510,     0.666
 19019.876, 60500.000,  -636.054,     0.937
 47481.988, 60500.000,  -734.354,     0.892
 14408.696, 60500.000,  -584.014,     0.861
  9797.516, 60500.000,  -560.884,     0.840
 27129.193, 60500.000,  -618.707,     0.956
 43904.348, 60500.000,  -711.224,     0.420
 26493.168, 60500.000,  -598.469,     0.663
 27288.199, 60500.000,  -604.252,     0.529
 21166.460, 60500.000,  -595.578,     0.829
 12659.627, 60500.000,  -552.211,     0.894
 58691.925, 60500.000,  -751.701,     0.563
 57499.379, 60500.000,  -766.156,     0.534
 28957.764, 60500.000,  -595.578,     0.781
 12023.602, 60500.000,  -650.510,     0.441
 33012.422, 60500.000,  -667.857,     0.854
 10831.056, 60500.000,  -612.925,     0.858
 59963.975, 60500.000,  -780.612,     0.753
 12341.615, 60500.000,  -630.272,     0.677
 31740.373, 60500.000,  -653.401,     0.776
 33409.938, 60500.000,  -682.313,     0.911
 33012.422, 60500.000,  -685.204,     0.956
 37862.112, 60500.000,  -676.531,     0.733
 22200.000, 60500.000,  -612.925,     0.734
 47640.994, 60500.000,  -702.551,     0.844
 14806.211, 60500.000,  -549.320,     0.071
 29116.770, 60500.000,  -682.313,     0.909
 17588.820, 60500.000,  -644.728,     0.677
 56227.329, 60500.000,  -717.007,     0.911
 31581.366, 60500.000,  -682.313,     0.888
 31183.851, 60500.000,  -615.816,     0.802
 13295.652, 60500.000,  -624.490,     0.754
 32217.391, 60500.000,  -676.531,     0.847
 45335.404, 60500.000,  -688.095,     0.851
 46527.950, 60500.000,  -682.313,     0.906
 14488.199, 60500.000,  -560.884,     0.877
 53126.708, 60500.000,  -711.224,     0.875
 22756.522, 60500.000,  -670.748,     0.732
 10831.056, 60500.000,  -581.122,     0.711
 55114.286, 60500.000,  -763.265,     0.969
 33091.925, 60500.000,  -647.619,     0.905
 45017.391, 60500.000,  -740.136,     0.464
 25300.621, 60500.000,  -610.034,     0.929
 42552.795, 60500.000,  -673.639,     0.966
 19417.391, 60500.000,  -633.163,     0.812
 48913.043, 60500.000,  -679.422,     0.574
 29116.770, 60500.000,  -630.272,     0.953
 42393.789, 60500.000,  -670.748,     0.914
 21563.975, 60500.000,  -612.925,     0.813
 41996.273, 60500.000,  -711.224,     0.519
 23472.050, 60500.000,  -650.510,     0.794
 58453.416, 60500.000,  -769.048,     0.847
 27367.702, 60500.000,  -630.272,     0.875
 15044.720, 60500.000,  -595.578,     0.758
 56227.329, 60500.000,  -725.680,     0.917
 16157.764, 60500.000,  -569.558,     0.805
 56704.348, 60500.000,  -763.265,     0.696
 30388.820, 60500.000,  -673.639,     0.945
 20768.944, 60500.000,  -612.925,     0.867
 54001.242, 60500.000,  -711.224,     0.741
 28003.727, 60500.000,  -595.578,     0.698
 60520.497, 60500.000,  -740.136,     0.911
 25698.137, 60500.000,  -667.857,     0.547
 28321.739, 60500.000,  -584.014,     0.933
 15362.733, 60500.000,  -595.578,     0.914
 13534.161, 60500.000,  -598.469,     0.819
 25062.112, 60500.000,  -638.946,     0.891
 27606.211, 60500.000,  -690.986,     0.343
 46845.963, 60500.000,  -734.354,     0.956
 11069.565, 60500.000,  -612.925,     0.784
 47561.491, 60500.000,  -737.245,     0.794
 57340.373, 60500.000,  -719.898,     0.751
 26095.652, 60500.000,  -673.639,     0.713
 19496.894, 60500.000,  -601.361,     0.654
 48356.522, 60500.000,  -693.878,     0.784
 34045.963, 60500.000,  -647.619,     0.868
 15044.720, 60500.000,  -630.272,     0.881
 14408.696, 60500.000,  -601.361,     0.577
 52808.696, 60500.000,  -679.422,     0.770
 16714.286, 60500.000,  -659.184,     0.722
 16555.280, 60500.000,  -610.034,     0.760
 47561.491, 60500.000,  -685.204,     0.875
 58214.907, 60500.000,  -754.592,     0.550
 21722.981, 60500.000,  -659.184,     0.458
 53126.708, 60500.000,  -760.374,     0.562
 18781.366, 60500.000,  -566.667,     0.463
 17509.317, 60500.000,  -592.687,     0.799
 44222.360, 60500.000,  -693.878,     0.590
 44063.354, 60500.000,  -670.748,     0.726
 60281.988, 60500.000,  -734.354,     0.527
 27526.708, 60500.000,  -615.816,     0.929
 24585.093, 60500.000,  -647.619,     0.858
 13772.671, 60500.000,  -627.381,     0.768
 59486.957, 60500.000,  -771.939,     0.981
 38657.143, 60500.000,  -708.333,     0.931
 14965.217, 60500.000,  -578.231,     0.869
 46527.950, 60500.000,  -737.245,     0.779
 41201.242, 60500.000,  -662.075,     0.224
 56863.354, 60500.000,  -711.224,     0.750
 31024.845, 60500.000,  -653.401,     0.931
 43347.826, 60500.000,  -664.966,     0.220
 41837.267, 60500.000,  -667.857,     0.927
 39372.671, 60500.000,  -667.857,     0.845
 25141.615, 60500.000,  -621.599,     0.699
 22200.000, 60500.000,  -644.728,     0.913
 26890.683, 60500.000,  -618.707,     0.925
 21007.453, 60500.000,  -612.925,     0.734
 22359.006, 60500.000,  -662.075,     0.568
 36987.578, 60500.000,  -690.986,     0.650
 23472.050, 60500.000,  -638.946,     0.852
 23313.043, 60500.000,  -618.707,     0.818
 10910.559, 60500.000,  -584.014,     0.701
 53842.236, 60500.000,  -705.442,     0.844
 18383.851, 60500.000,  -607.143,     0.723
 44619.876, 60500.000,  -676.531,     0.894
 31024.845, 60500.000,  -612.925,     0.745
 48833.540, 60500.000,  -711.224,     0.768
 45653.416, 60500.000,  -711.224,     0.565
 43665.839, 60500.000,  -676.531,     0.861
 25618.634, 60500.000,  -601.361,     0.873
 45335.404, 60500.000,  -734.354,     0.758
 47243.478, 60500.000,  -711.224,     0.886
 14488.199, 60500.000,  -607.143,     0.605
 25936.646, 60500.000,  -679.422,     0.698
 18860.870, 60500.000,  -670.748,     0.826
 18940.373, 60500.000,  -638.946,     0.927
 25857.143, 60500.000,  -662.075,     0.428
 40167.702, 60500.000,  -696.769,     0.655
 27606.211, 60500.000,  -650.510,     0.892
 13295.652, 60500.000,  -569.558,     0.829
 23790.062, 60500.000,  -653.401,     0.629
 13852.174, 60500.000,  -607.143,     0.849
 19019.876, 60500.000,  -601.361,     0.518
 26890.683, 60500.000,  -627.381,     0.941
 21802.484, 60500.000,  -572.449,     0.090
 19496.894, 60500.000,  -636.054,     0.934
 12262.112, 60500.000,  -557.993,     0.877
 51854.658, 60500.000,  -702.551,     0.853
 50662.112, 60500.000,  -702.551,     0.938
 31899.379, 60500.000,  -690.986,     0.442
 29991.304, 60500.000,  -636.054,     0.765
 36431.056, 60500.000,  -664.966,     0.827
 50980.124, 60500.000,  -699.660,     0.785
 46845.963, 60500.000,  -740.136,     0.713
 21563.975, 60500.000,  -601.361,     0.840
 22518.012, 60500.000,  -650.510,     0.869
 12898.137, 60500.000,  -595.578,     0.829
 52729.193, 60500.000,  -676.531,     0.212
 14170.186, 60500.000,  -604.252,     0.729
 13931.677, 60500.000,  -610.034,     0.690
 48038.509, 60500.000,  -699.660,     0.935
 19894.410, 60500.000,  -578.231,     0.489
 51298.137, 60500.000,  -737.245,     0.909
 10672.050, 60500.000,  -641.837,     0.737
 14488.199, 60500.000,  -601.361,     0.511
 48674.534, 60500.000,  -688.095,     0.890
 42155.280, 60500.000,  -725.680,     0.917
 52729.193, 60500.000,  -743.027,     0.890
 37623.602, 60500.000,  -685.204,     0.822
 56227.329, 60500.000,  -722.789,     0.908
 32217.391, 60500.000,  -679.422,     0.924
 18701.863, 60500.000,  -563.776,     0.050
 32535.404, 60500.000,  -621.599,     0.517
 40883.230, 60500.000,  -664.966,     0.924
 53365.217, 60500.000,  -731.463,     0.644
 47163.975, 60500.000,  -690.986,     0.852
 18622.360, 60500.000,  -610.034,     0.799
 47879.503, 60500.000,  -728.571,     0.637
 32614.907, 60500.000,  -638.946,     0.952
 12103.106, 60500.000,  -566.667,     0.965
 13454.658, 60500.000,  -612.925,     0.786
 33568.944, 60500.000,  -688.095,     0.825
 27049.689, 60500.000,  -644.728,     0.906
 18622.360, 60500.000,  -592.687,     0.901
 18145.342, 60500.000,  -638.946,     0.945
 45176.398, 60500.000,  -676.531,     0.754
 34363.975, 60500.000,  -638.946,     0.916
 41042.236, 60500.000,  -682.313,     0.856
 36749.068, 60500.000,  -641.837,     0.172
 18383.851, 60500.000,  -636.054,     0.926
 51854.658, 60500.000,  -708.333,     0.742
 13216.149, 60500.000,  -604.252,     0.792
 18622.360, 60500.000,  -670.748,     0.843
 14249.689, 60500.000,  -595.578,     0.718
 30309.317, 60500.000,  -630.272,     0.977
 12739.130, 60500.000,  -560.884,     0.710
 16873.292, 60500.000,  -557.993,     0.044
 45573.913, 60500.000,  -676.531,     0.791
 23869.565, 60500.000,  -612.925,     0.832
 35000.000, 60500.000,  -676.531,     0.888
 55988.820, 60500.000,  -748.810,     0.949
 21404.969, 60500.000,  -621.599,     0.609
 29752.795, 60500.000,  -673.639,     0.911
 43188.820, 60500.000,  -725.680,     0.820
 47481.988, 60500.000,  -699.660,     0.889
 23710.559, 60500.000,  -656.293,     0.542
 11705.590, 60500.000,  -575.340,     0.714
 37226.087, 60500.000,  -679.422,     0.875
 41678.261, 60500.000,  -662.075,     0.226
 18860.870, 60500.000,  -615.816,     0.975
 54398.758, 60500.000,  -743.027,     0.590
 55750.311, 60500.000,  -688.095,     0.859
 31819.876, 60500.000,  -644.728,     0.890
 54319.255, 60500.000,  -679.422,     0.195
 31740.373, 60500.000,  -670.748,     0.565
 47879.503, 60500.000,  -722.789,     0.359
 29514.286, 60500.000,  -595.578,     0.719
 49469.565, 60500.000,  -690.986,     0.770
 15362.733, 60500.000,  -563.776,     0.845
 45573.913, 60500.000,  -711.224,     0.512
 29991.304, 60500.000,  -615.816,     0.882
  9797.516, 60500.000,  -581.122,     0.808
 32694.410, 60500.000,  -627.381,     0.531
 20768.944, 60500.000,  -598.469,     0.915
 42870.807, 60500.000,  -731.463,     0.728
 51934.161, 60500.000,  -754.592,     0.460
 47322.981, 60500.000,  -728.571,     0.931
 58214.907, 60500.000,  -711.224,     0.935
 31263.354, 60500.000,  -653.401,     0.858
 20132.919, 60500.000,  -659.184,     0.460
 58850.932, 60500.000,  -774.830,     0.687
 30945.342, 60500.000,  -673.639,     0.899
 57101.863, 60500.000,  -757.483,     0.937
 29434.783, 60500.000,  -633.163,     0.878
 15521.739, 60500.000,  -589.796,     0.888
 14090.683, 60500.000,  -563.776,     0.919
 38339.130, 60500.000,  -667.857,     0.762
 27526.708, 60500.000,  -676.531,     0.824
 16396.273, 60500.000,  -630.272,     0.940
 52252.174, 60500.000,  -743.027,     0.845
 11864.596, 60500.000,  -537.755,     0.030
 30229.814, 60500.000,  -612.925,     0.607
 14329.193, 60500.000,  -650.510,     0.597
 31819.876, 60500.000,  -612.925,     0.505
 14567.702, 60500.000,  -636.054,     0.925
 44301.863, 60500.000,  -722.789,     0.927
 45414.907, 60500.000,  -699.660,     0.820
 40644.720, 60500.000,  -693.878,     0.840
 47402.484, 60500.000,  -682.313,     0.590
 41996.273, 60500.000,  -667.857,     0.968
 32614.907, 60500.000,  -656.293,     0.769
 12262.112, 60500.000,  -610.034,     0.659
 29514.286, 60500.000,  -630.272,     0.863
 42155.280, 60500.000,  -676.531,     0.741
 40803.727, 60500.000,  -676.531,     0.610
 32296.894, 60500.000,  -673.639,     0.677
 15680.745, 60500.000,  -650.510,     0.671
 26572.671, 60500.000,  -586.905,     0.573
 41519.255, 60500.000,  -714.116,     0.557
 20450.932, 60500.000,  -607.143,     0.965
 10354.037, 60500.000,  -555.102,     0.962
 56545.342, 60500.000,  -751.701,     0.913
 26016.149, 60500.000,  -627.381,     0.861
 48356.522, 60500.000,  -714.116,     0.879
 54319.255, 60500.000,  -719.898,     0.978
 38180.124, 60500.000,  -659.184,     0.937
 48674.534, 60500.000,  -731.463,     0.921
 27526.708, 60500.000,  -612.925,     0.890
 21166.460, 60500.000,  -630.272,     0.616
 45335.404, 60500.000,  -685.204,     0.871
 56624.845, 60500.000,  -696.769,     0.929
 47163.975, 60500.000,  -740.136,     0.848
 28560.248, 60500.000,  -638.946,     0.773
 26413.665, 60500.000,  -650.510,     0.905
 16714.286, 60500.000,  -566.667,     0.829
 22677.019, 60500.000,  -664.966,     0.883
 12898.137, 60500.000,  -627.381,     0.936
 18701.863, 60500.000,  -607.143,     0.509
 54637.267, 60500.000,  -699.660,     0.786
 57658.385, 60500.000,  -685.204,     0.263
 36749.068, 60500.000,  -653.401,     0.930
 36192.547, 60500.000,  -714.116,     0.320
 28083.230, 60500.000,  -636.054,     0.965
 39054.658, 60500.000,  -702.551,     0.688
 35477.019, 60500.000,  -693.878,     0.822
 54716.770, 60500.000,  -740.136,     0.484
 19258.385, 60500.000,  -670.748,     0.885
 56386.335, 60500.000,  -699.660,     0.802
 28719.255, 60500.000,  -688.095,     0.537
 19417.391, 60500.000,  -656.293,     0.526
 15998.758, 60500.000,  -630.272,     0.892
 28878.261, 60500.000,  -636.054,     0.827
 13772.671, 60500.000,  -563.776,     0.923
 26572.671, 60500.000,  -667.857,     0.533
 28083.230, 60500.000,  -662.075,     0.470
 25380.124, 60500.000,  -604.252,     0.899
 50503.106, 60500.000,  -696.769,     0.783
 55988.820, 60500.000,  -751.701,     0.978
 12023.602, 60500.000,  -560.884,     0.878
 42473.292, 60500.000,  -702.551,     0.876
 38100.621, 60500.000,  -656.293,     0.965
 52172.671, 60500.000,  -711.224,     0.575
 41837.267, 60500.000,  -673.639,     0.918
 33727.950, 60500.000,  -670.748,     0.667
 22995.031, 60500.000,  -586.905,     0.633
 14647.205, 60500.000,  -636.054,     0.954
 25618.634, 60500.000,  -688.095,     0.866
 13772.671, 60500.000,  -581.122,     0.878
 11308.075, 60500.000,  -566.667,     0.874
 47959.006, 60500.000,  -719.898,     0.430
  9479.503, 60500.000,  -555.102,     0.941
 25300.621, 60500.000,  -575.340,     0.494
 52172.671, 60500.000,  -679.422,     0.848
 17270.807, 60500.000,  -586.905,     0.910
 10274.534, 60500.000,  -555.102,     0.898
 18065.839, 60500.000,  -578.231,     0.904
 12262.112, 60500.000,  -607.143,     0.779
 34443.478, 60500.000,  -688.095,     0.903
 27924.224, 60500.000,  -659.184,     0.863
 14647.205, 60500.000,  -557.993,     0.963
 58691.925, 60500.000,  -766.156,     0.913
 28719.255, 60500.000,  -676.531,     0.876
 57022.360, 60500.000,  -728.571,     0.913
 35159.006, 60500.000,  -638.946,     0.898
 57419.876, 60500.000,  -696.769,     0.900
 55511.801, 60500.000,  -751.701,     0.910
 49628.571, 60500.000,  -708.333,     0.693
 54875.776, 60500.000,  -696.769,     0.914
 17827.329, 60500.000,  -615.816,     0.912
 44937.888, 60500.000,  -719.898,     0.781
 29752.795, 60500.000,  -621.599,     0.812
 28798.758, 60500.000,  -615.816,     0.937
 52649.689, 60500.000,  -760.374,     0.676
 24903.106, 60500.000,  -601.361,     0.977
 23233.540, 60500.000,  -621.599,     0.763
 15203.727, 60500.000,  -638.946,     0.894
 47163.975, 60500.000,  -676.531,     0.293
 35397.516, 60500.000,  -667.857,     0.916
 30945.342, 60500.000,  -641.837,     0.859
 55909.317, 60500.000,  -777.721,     0.469
 30070.807, 60500.000,  -595.578,     0.789
 34284.472, 60500.000,  -702.551,     0.458
 19178.882, 60500.000,  -615.816,     0.889
 58612.422, 60500.000,  -688.095,     0.239
 46209.938, 60500.000,  -714.116,     0.465
 17509.317, 60500.000,  -612.925,     0.898
 54557.764, 60500.000,  -725.680,     0.915
 11705.590, 60500.000,  -618.707,     0.634
 52570.186, 60500.000,  -757.483,     0.624
 31104.348, 60500.000,  -621.599,     0.949
 10831.056, 60500.000,  -578.231,     0.659
 17270.807, 60500.000,  -578.231,     0.816
 42234.783, 60500.000,  -664.966,     0.925
 51536.646, 60500.000,  -745.918,     0.726
 47004.969, 60500.000,  -745.918,     0.376
 43983.851, 60500.000,  -688.095,     0.882
 16714.286, 60500.000,  -653.401,     0.886
 17827.329, 60500.000,  -563.776,     0.038
 52411.180, 60500.000,  -734.354,     0.533
 17429.814, 60500.000,  -586.905,     0.973
 14170.186, 60500.000,  -641.837,     0.911
 16793.789, 60500.000,  -667.857,     0.408
 50582.609, 60500.000,  -717.007,     0.841
 33568.944, 60500.000,  -630.272,     0.549
 17191.304, 60500.000,  -595.578,     0.762
 17429.814, 60500.000,  -578.231,     0.717
 44381.366, 60500.000,  -679.422,     0.803
 54796.273, 60500.000,  -722.789,     0.707
 44858.385, 60500.000,  -688.095,     0.828
 55988.820, 60500.000,  -740.136,     0.506
 45971.429, 60500.000,  -717.007,     0.487
 22040.994, 60500.000,  -592.687,     0.929
 28878.261, 60500.000,  -607.143,     0.607
 18701.863, 60500.000,  -653.401,     0.574
 55591.304, 60500.000,  -722.789,     0.833
 21722.981, 60500.000,  -575.340,     0.795
 56386.335, 60500.000,  -705.442,     0.757
 36192.547, 60500.000,  -688.095,     0.548
 60440.994, 60500.000,  -708.333,     0.966
 21961.491, 60500.000,  -633.163,     0.794
  9797.516, 60500.000,  -575.340,     0.755
 18145.342, 60500.000,  -644.728,     0.817
 20609.938, 60500.000,  -676.531,     0.653
 14806.211, 60500.000,  -595.578,     0.659
 40088.199, 60500.000,  -714.116,     0.714
 18383.851, 60500.000,  -673.639,     0.391
 60043.478, 60500.000,  -780.612,     0.771
 13772.671, 60500.000,  -601.361,     0.847
 37464.596, 60500.000,  -711.224,     0.924
 40247.205, 60500.000,  -699.660,     0.450
 54398.758, 60500.000,  -737.245,     0.463
 35159.006, 60500.000,  -705.442,     0.574
 57817.391, 60500.000,  -731.463,     0.878
 17747.826, 60500.000,  -641.837,     0.659
 25777.640, 60500.000,  -595.578,     0.492
 24028.571, 60500.000,  -618.707,     0.835
 35556.522, 60500.000,  -644.728,     0.931
 27765.217, 60500.000,  -647.619,     0.867
 29673.292, 60500.000,  -610.034,     0.663
 37782.609, 60500.000,  -690.986,     0.580
 14249.689, 60500.000,  -621.599,     0.584
 28639.752, 60500.000,  -647.619,     0.928
 44540.373, 60500.000,  -690.986,     0.925
 56068.323, 60500.000,  -690.986,     0.929
 44937.888, 60500.000,  -740.136,     0.460
 49151.553, 60500.000,  -690.986,     0.906
 52570.186, 60500.000,  -696.769,     0.542
 20212.422, 60500.000,  -604.252,     0.770
 44937.888, 60500.000,  -685.204,     0.806
 40565.217, 60500.000,  -670.748,     0.742
 48595.031, 60500.000,  -722.789,     0.448
 54319.255, 60500.000,  -748.810,     0.935
 22359.006, 60500.000,  -647.619,     0.854
 58532.919, 60500.000,  -774.830,     0.574
 27685.714, 60500.000,  -595.578,     0.658
 18542.857, 60500.000,  -615.816,     0.945
 31104.348, 60500.000,  -607.143,     0.600
 28719.255, 60500.000,  -647.619,     0.915
 42314.286, 60500.000,  -696.769,     0.739
 25857.143, 60500.000,  -656.293,     0.859
 12262.112, 60500.000,  -621.599,     0.810
 21484.472, 60500.000,  -615.816,     0.670
 36033.540, 60500.000,  -647.619,     0.948
 50264.596, 60500.000,  -734.354,     0.929
 28321.739, 60500.000,  -659.184,     0.700
 33171.429, 60500.000,  -644.728,     0.946
 37067.081, 60500.000,  -688.095,     0.564
 18622.360, 60500.000,  -662.075,     0.903
 33568.944, 60500.000,  -682.313,     0.918
 57260.870, 60500.000,  -717.007,     0.640
 24903.106, 60500.000,  -581.122,     0.508
 54716.770, 60500.000,  -766.156,     0.701
 53444.720, 60500.000,  -714.116,     0.862
 26016.149, 60500.000,  -673.639,     0.650
 15124.224, 60500.000,  -638.946,     0.918
 60440.994, 60500.000,  -774.830,     0.848
 15124.224, 60500.000,  -563.776,     0.909
 56306.832, 60500.000,  -731.463,     0.772
 16475.776, 60500.000,  -644.728,     0.890
 27924.224, 60500.000,  -618.707,     0.859
 29991.304, 60500.000,  -653.401,     0.753
 59884.472, 60500.000,  -777.721,     0.929
 60361.491, 60500.000,  -740.136,     0.893
 37941.615, 60500.000,  -696.769,     0.565
 35397.516, 60500.000,  -679.422,     0.841
 55352.795, 60500.000,  -696.769,     0.961
 38259.627, 60500.000,  -693.878,     0.648
 53921.739, 60500.000,  -725.680,     0.941
 38339.130, 60500.000,  -714.116,     0.911
 12659.627, 60500.000,  -592.687,     0.783
 34681.988, 60500.000,  -624.490,     0.092
 45891.925, 60500.000,  -711.224,     0.643
 50582.609, 60500.000,  -688.095,     0.694
 11785.093, 60500.000,  -543.537,     0.477
 14011.180, 60500.000,  -592.687,     0.855
 52411.180, 60500.000,  -722.789,     0.843
 31183.851, 60500.000,  -607.143,     0.584
 20053.416, 60500.000,  -638.946,     0.732
 52331.677, 60500.000,  -696.769,     0.587
 56147.826, 60500.000,  -696.769,     0.867
 15521.739, 60500.000,  -627.381,     0.952
 32853.416, 60500.000,  -659.184,     0.575
 11864.596, 60500.000,  -552.211,     0.857
 53285.714, 60500.000,  -690.986,     0.878
 48754.037, 60500.000,  -737.245,     0.914
 47163.975, 60500.000,  -705.442,     0.681
 23233.540, 60500.000,  -589.796,     0.609
 42711.801, 60500.000,  -670.748,     0.898
 57658.385, 60500.000,  -717.007,     0.541
 24346.584, 60500.000,  -647.619,     0.957
 28798.758, 60500.000,  -618.707,     0.988
 18542.857, 60500.000,  -633.163,     0.905
 16237.267, 60500.000,  -598.469,     0.984
 52649.689, 60500.000,  -705.442,     0.720
 55114.286, 60500.000,  -774.830,     0.392
 12182.609, 60500.000,  -630.272,     0.798
 12500.621, 60500.000,  -650.510,     0.373
 18463.354, 60500.000,  -612.925,     0.979
 43745.342, 60500.000,  -693.878,     0.708
 26016.149, 60500.000,  -688.095,     0.933
 55114.286, 60500.000,  -731.463,     0.632
 35318.012, 60500.000,  -641.837,     0.806
 43983.851, 60500.000,  -670.748,     0.764
  9400.000, 60500.000,  -543.537,     0.867
 15124.224, 60500.000,  -607.143,     0.490
 24903.106, 60500.000,  -662.075,     0.681
 25221.118, 60500.000,  -641.837,     0.823
 34363.975, 60500.000,  -699.660,     0.713
 24426.087, 60500.000,  -662.075,     0.479
 16316.770, 60500.000,  -586.905,     0.855
 23949.068, 60500.000,  -667.857,     0.950
 59963.975, 60500.000,  -748.810,     0.926
 11467.081, 60500.000,  -592.687,     0.831
 52013.665, 60500.000,  -737.245,     0.784
 35556.522, 60500.000,  -633.163,     0.468
 30865.839, 60500.000,  -693.878,     0.250
 40008.696, 60500.000,  -682.313,     0.911
 58612.422, 60500.000,  -722.789,     0.548
 21325.466, 60500.000,  -627.381,     0.659
 25062.112, 60500.000,  -621.599,     0.723
 46289.441, 60500.000,  -711.224,     0.798
 60281.988, 60500.000,  -774.830,     0.944
 33568.944, 60500.000,  -685.204,     0.867
 20291.925, 60500.000,  -578.231,     0.560
 58453.416, 60500.000,  -705.442,     0.858
 28719.255, 60500.000,  -662.075,     0.621
 19894.410, 60500.000,  -569.558,     0.047
 13852.174, 60500.000,  -650.510,     0.430
 18542.857, 60500.000,  -607.143,     0.717
 33648.447, 60500.000,  -662.075,     0.934
 25936.646, 60500.000,  -630.272,     0.702
 24664.596, 60500.000,  -644.728,     0.926
 38180.124, 60500.000,  -676.531,     0.922
 32217.391, 60500.000,  -647.619,     0.937
 24903.106, 60500.000,  -667.857,     0.687
 23949.068, 60500.000,  -610.034,     0.869
 27208.696, 60500.000,  -578.231,     0.113
 31422.360, 60500.000,  -679.422,     0.902
 31104.348, 60500.000,  -647.619,     0.946
  9479.503, 60500.000,  -612.925,     0.801
 35795.031, 60500.000,  -673.639,     0.821
 29116.770, 60500.000,  -673.639,     0.942
 50821.118, 60500.000,  -740.136,     0.902
 15203.727, 60500.000,  -572.449,     0.664
 59804.969, 60500.000,  -800.850,     0.608
 30309.317, 60500.000,  -601.361,     0.491
 10831.056, 60500.000,  -540.646,     0.730
 10195.031, 60500.000,  -618.707,     0.714
 55114.286, 60500.000,  -682.313,     0.259
  9877.019, 60500.000,  -638.946,     0.770
 36828.571, 60500.000,  -650.510,     0.870
 32694.410, 60500.000,  -638.946,     0.976
 59963.975, 60500.000,  -719.898,     0.893
 59645.963, 60500.000,  -725.680,     0.619
 14488.199, 60500.000,  -569.558,     0.898
 58135.404, 60500.000,  -766.156,     0.918
 24982.609, 60500.000,  -667.857,     0.754
 29275.776, 60500.000,  -685.204,     0.512
 11069.565, 60500.000,  -572.449,     0.588
 40883.230, 60500.000,  -693.878,     0.738
 11069.565, 60500.000,  -543.537,     0.523
 59725.466, 60500.000,  -786.395,     0.523
 18622.360, 60500.000,  -581.122,     0.946
 51377.640, 60500.000,  -702.551,     0.954
 10354.037, 60500.000,  -641.837,     0.871
 32932.919, 60500.000,  -662.075,     0.745
 41519.255, 60500.000,  -722.789,     0.617
 22597.516, 60500.000,  -633.163,     0.877
 58612.422, 60500.000,  -740.136,     0.842
 27844.720, 60500.000,  -667.857,     0.436
 28878.261, 60500.000,  -627.381,     0.871
 21802.484, 60500.000,  -673.639,     0.865
 48356.522, 60500.000,  -696.769,     0.849
 48277.019, 60500.000,  -714.116,     0.879
 37544.099, 60500.000,  -702.551,     0.944
 36908.075, 60500.000,  -717.007,     0.312
 41121.739, 60500.000,  -702.551,     0.490
 11467.081, 60500.000,  -615.816,     0.627
 56386.335, 60500.000,  -714.116,     0.822
 25141.615, 60500.000,  -581.122,     0.751
 55432.298, 60500.000,  -682.313,     0.275
 26334.161, 60500.000,  -598.469,     0.534
 53285.714, 60500.000,  -708.333,     0.609
 59486.957, 60500.000,  -751.701,     0.555
 23313.043, 60500.000,  -662.075,     0.583
 35477.019, 60500.000,  -636.054,     0.470
 33091.925, 60500.000,  -607.143,     0.022
 21802.484, 60500.000,  -612.925,     0.621
 14329.193, 60500.000,  -638.946,     0.872
 43188.820, 60500.000,  -717.007,     0.657
 48674.534, 60500.000,  -722.789,     0.463
 17270.807, 60500.000,  -638.946,     0.894
 27765.217, 60500.000,  -662.075,     0.526
 25618.634, 60500.000,  -673.639,     0.873
 55034.783, 60500.000,  -743.027,     0.606
 52252.174, 60500.000,  -763.265,     0.573
 54001.242, 60500.000,  -769.048,     0.484
 18701.863, 60500.000,  -644.728,     0.699
 29434.783, 60500.000,  -592.687,     0.861
 31422.360, 60500.000,  -607.143,     0.458
 42950.311, 60500.000,  -728.571,     0.919
 31501.863, 60500.000,  -662.075,     0.797
 25936.646, 60500.000,  -610.034,     0.808
 29673.292, 60500.000,  -688.095,     0.458
  9718.012, 60500.000,  -627.381,     0.882
 34681.988, 60500.000,  -650.510,     0.920
 56942.857, 60500.000,  -769.048,     0.572
 22120.497, 60500.000,  -612.925,     0.801
 13375.155, 60500.000,  -647.619,     0.461
 41916.770, 60500.000,  -708.333,     0.437
 31581.366, 60500.000,  -636.054,     0.967
 21325.466, 60500.000,  -630.272,     0.692
 18542.857, 60500.000,  -630.272,     0.707
 12262.112, 60500.000,  -566.667,     0.968
 40962.733, 60500.000,  -673.639,     0.723
 21404.969, 60500.000,  -584.014,     0.530
 48277.019, 60500.000,  -693.878,     0.803
 43824.845, 60500.000,  -708.333,     0.465
 57181.366, 60500.000,  -780.612,     0.725
 59089.441, 60500.000,  -731.463,     0.662
 25300.621, 60500.000,  -679.422,     0.774
 32137.888, 60500.000,  -682.313,     0.750
 59168.944, 60500.000,  -763.265,     0.702
 29434.783, 60500.000,  -624.490,     0.847
 59407.453, 60500.000,  -792.177,     0.393
 15283.230, 60500.000,  -662.075,     0.133
 10513.043, 60500.000,  -563.776,     0.988
 18781.366, 60500.000,  -624.490,     0.701
 51377.640, 60500.000,  -696.769,     0.871
 59725.466, 60500.000,  -774.830,     0.954
 42870.807, 60500.000,  -725.680,     0.904
 29593.789, 60500.000,  -604.252,     0.553
 20132.919, 60500.000,  -615.816,     0.722
 42950.311, 60500.000,  -682.313,     0.583
 32137.888, 60500.000,  -653.401,     0.903
 51218.634, 60500.000,  -725.680,     0.369
 57101.863, 60500.000,  -722.789,     0.881
 36033.540, 60500.000,  -656.293,     0.898
 17509.317, 60500.000,  -578.231,     0.705
 15680.745, 60500.000,  -563.776,     0.983
 31899.379, 60500.000,  -624.490,     0.621
 15680.745, 60500.000,  -584.014,     0.908
 12182.609, 60500.000,  -543.537,     0.590
 31104.348, 60500.000,  -618.707,     0.902
 37385.093, 60500.000,  -664.966,     0.697
 23631.056, 60500.000,  -607.143,     0.979
 16078.261, 60500.000,  -557.993,     0.049
 50741.615, 60500.000,  -717.007,     0.854
 55432.298, 60500.000,  -766.156,     0.973
 56545.342, 60500.000,  -708.333,     0.717
 14726.708, 60500.000,  -653.401,     0.438
 11467.081, 60500.000,  -537.755,     0.039
 38657.143, 60500.000,  -653.401,     0.302
 54319.255, 60500.000,  -745.918,     0.839
 17509.317, 60500.000,  -598.469,     0.656
 59009.938, 60500.000,  -783.503,     0.282
 58135.404, 60500.000,  -717.007,     0.527
 20609.938, 60500.000,  -624.490,     0.569
 23392.547, 60500.000,  -592.687,     0.776
 13136.646, 60500.000,  -636.054,     0.862
 32694.410, 60500.000,  -676.531,     0.606
 48833.540, 60500.000,  -690.986,     0.923
 11785.093, 60500.000,  -618.707,     0.603
 17509.317, 60500.000,  -610.034,     0.906
 55670.807, 60500.000,  -763.265,     0.925
 22359.006, 60500.000,  -607.143,     0.949
 11228.571, 60500.000,  -537.755,     0.035
 10195.031, 60500.000,  -537.755,     0.053
 27208.696, 60500.000,  -679.422,     0.737
 30468.323, 60500.000,  -670.748,     0.728
 15283.230, 60500.000,  -595.578,     0.811
 29832.298, 60500.000,  -685.204,     0.656
 26890.683, 60500.000,  -676.531,     0.935
 58055.901, 60500.000,  -693.878,     0.928
 25062.112, 60500.000,  -615.816,     0.837
 53683.230, 60500.000,  -699.660,     0.979
 37146.584, 60500.000,  -659.184,     0.949
 30627.329, 60500.000,  -641.837,     0.786
 21166.460, 60500.000,  -586.905,     0.824
 13534.161, 60500.000,  -641.837,     0.915
 40088.199, 60500.000,  -705.442,     0.530
 26890.683, 60500.000,  -644.728,     0.932
 21325.466, 60500.000,  -598.469,     0.715
 53603.727, 60500.000,  -745.918,     0.851
 11228.571, 60500.000,  -549.320,     0.747
 60361.491, 60500.000,  -800.850,     0.565
 46607.453, 60500.000,  -745.918,     0.396
 57419.876, 60500.000,  -745.918,     0.488
 12580.124, 60500.000,  -557.993,     0.781
 40803.727, 60500.000,  -702.551,     0.446
 12421.118, 60500.000,  -650.510,     0.368
 53206.211, 60500.000,  -708.333,     0.573
 26493.168, 60500.000,  -659.184,     0.545
 31740.373, 60500.000,  -612.925,     0.504
 43665.839, 60500.000,  -693.878,     0.792
 44063.354, 60500.000,  -728.571,     0.912
 57340.373, 60500.000,  -748.810,     0.775
 19258.385, 60500.000,  -592.687,     0.924
 24903.106, 60500.000,  -647.619,     0.913
 44937.888, 60500.000,  -711.224,     0.448
 16555.280, 60500.000,  -586.905,     0.586
 29911.801, 60500.000,  -633.163,     0.834
 22200.000, 60500.000,  -662.075,     0.645
 31581.366, 60500.000,  -624.490,     0.927
 52490.683, 60500.000,  -754.592,     0.643
 47322.981, 60500.000,  -717.007,     0.516
 46368.944, 60500.000,  -685.204,     0.913
 31342.857, 60500.000,  -604.252,     0.478
 29832.298, 60500.000,  -612.925,     0.794
 56465.839, 60500.000,  -783.503,     0.277
 36669.565, 60500.000,  -688.095,     0.401
 19814.907, 60500.000,  -638.946,     0.736
 36510.559, 60500.000,  -688.095,     0.511
 15521.739, 60500.000,  -595.578,     0.862
 16714.286, 60500.000,  -664.966,     0.415
 48515.528, 60500.000,  -702.551,     0.833
 24903.106, 60500.000,  -615.816,     0.870
 54080.745, 60500.000,  -690.986,     0.851
 20450.932, 60500.000,  -659.184,     0.422
 16952.795, 60500.000,  -566.667,     0.675
 21404.969, 60500.000,  -664.966,     0.873
 48992.547, 60500.000,  -685.204,     0.764
 16714.286, 60500.000,  -644.728,     0.855
 58691.925, 60500.000,  -748.810,     0.509
 23949.068, 60500.000,  -621.599,     0.788
 10036.025, 60500.000,  -624.490,     0.882
 13772.671, 60500.000,  -624.490,     0.618
 32853.416, 60500.000,  -673.639,     0.644
 24505.590, 60500.000,  -685.204,     0.342
 27208.696, 60500.000,  -627.381,     0.960
  9638.509, 60500.000,  -569.558,     0.820
 13057.143, 60500.000,  -610.034,     0.588
 57896.894, 60500.000,  -737.245,     0.830
 21484.472, 60500.000,  -610.034,     0.941
 30786.335, 60500.000,  -679.422,     0.738
 47481.988, 60500.000,  -743.027,     0.721
 54955.280, 60500.000,  -717.007,     0.978
 25380.124, 60500.000,  -650.510,     0.794
 44858.385, 60500.000,  -714.116,     0.480
 10910.559, 60500.000,  -586.905,     0.730
 18701.863, 60500.000,  -633.163,     0.923
 25618.634, 60500.000,  -584.014,     0.717
 33966.460, 60500.000,  -705.442,     0.262
 47322.981, 60500.000,  -679.422,     0.519
 29037.267, 60500.000,  -659.184,     0.924
 21961.491, 60500.000,  -610.034,     0.898
 29196.273, 60500.000,  -630.272,     0.918
 23869.565, 60500.000,  -673.639,     0.957
 25221.118, 60500.000,  -595.578,     0.922
 36669.565, 60500.000,  -696.769,     0.846
 43586.335, 60500.000,  -737.245,     0.351
 12580.124, 60500.000,  -566.667,     0.974
 19099.379, 60500.000,  -630.272,     0.743
 49549.068, 60500.000,  -725.680,     0.540
 50026.087, 60500.000,  -748.810,     0.267
 26572.671, 60500.000,  -601.361,     0.646
 21722.981, 60500.000,  -670.748,     0.808
 54557.764, 60500.000,  -731.463,     0.692
 14647.205, 60500.000,  -560.884,     0.929
 51218.634, 60500.000,  -748.810,     0.552
 13375.155, 60500.000,  -549.320,     0.847
 30150.311, 60500.000,  -641.837,     0.769
 32217.391, 60500.000,  -664.966,     0.812
 35954.037, 60500.000,  -670.748,     0.828
 21961.491, 60500.000,  -621.599,     0.863
 22677.019, 60500.000,  -595.578,     0.894
 50105.590, 60500.000,  -734.354,     0.965
 57817.391, 60500.000,  -714.116,     0.528
 54398.758, 60500.000,  -766.156,     0.758
 22518.012, 60500.000,  -584.014,     0.598
 20768.944, 60500.000,  -578.231,     0.533
 21484.472, 60500.000,  -578.231,     0.510
 30229.814, 60500.000,  -618.707,     0.875
 55750.311, 60500.000,  -711.224,     0.538
 44222.360, 60500.000,  -717.007,     0.594
 12341.615, 60500.000,  -581.122,     0.788
 23074.534, 60500.000,  -578.231,     0.076
 32614.907, 60500.000,  -679.422,     0.864
 20053.416, 60500.000,  -624.490,     0.654
 38736.646, 60500.000,  -688.095,     0.855
 58771.429, 60500.000,  -777.721,     0.549
 14170.186, 60500.000,  -592.687,     0.765
 15044.720, 60500.000,  -575.340,     0.714
 25777.640, 60500.000,  -578.231,     0.902
 18781.366, 60500.000,  -604.252,     0.479
 43029.814, 60500.000,  -688.095,     0.720
 35954.037, 60500.000,  -699.660,     0.895
 46925.466, 60500.000,  -696.769,     0.953
 19099.379, 60500.000,  -586.905,     0.757
 47640.994, 60500.000,  -705.442,     0.844
 15919.255, 60500.000,  -589.796,     0.977
 16555.280, 60500.000,  -662.075,     0.614
 16157.764, 60500.000,  -601.361,     0.970
 11467.081, 60500.000,  -638.946,     0.825
 14011.180, 60500.000,  -595.578,     0.806
 52649.689, 60500.000,  -728.571,     0.516
 17032.298, 60500.000,  -607.143,     0.882
 29355.280, 60500.000,  -615.816,     0.839
 29355.280, 60500.000,  -653.401,     0.801
 32932.919, 60500.000,  -693.878,     0.500
 21722.981, 60500.000,  -627.381,     0.754
 22120.497, 60500.000,  -584.014,     0.485
 32217.391, 60500.000,  -688.095,     0.598
 44619.876, 60500.000,  -685.204,     0.847
 40883.230, 60500.000,  -702.551,     0.491
 18463.354, 60500.000,  -601.361,     0.562
 44063.354, 60500.000,  -702.551,     0.864
 25062.112, 60500.000,  -598.469,     0.886
 28719.255, 60500.000,  -641.837,     0.843
 28162.733, 60500.000,  -670.748,     0.736
 34284.472, 60500.000,  -667.857,     0.862
 17747.826, 60500.000,  -636.054,     0.918
 12898.137, 60500.000,  -647.619,     0.495
 28560.248, 60500.000,  -650.510,     0.835
 58453.416, 60500.000,  -696.769,     0.956
 28242.236, 60500.000,  -647.619,     0.932
 60122.981, 60500.000,  -774.830,     0.978
 24426.087, 60500.000,  -598.469,     0.837
 18065.839, 60500.000,  -653.401,     0.955
 43427.329, 60500.000,  -688.095,     0.848
 18304.348, 60500.000,  -656.293,     0.924
 53285.714, 60500.000,  -748.810,     0.881
 12182.609, 60500.000,  -569.558,     0.898
 26413.665, 60500.000,  -647.619,     0.949
 17668.323, 60500.000,  -569.558,     0.567
 24346.584, 60500.000,  -581.122,     0.623
 27447.205, 60500.000,  -670.748,     0.688
 32773.913, 60500.000,  -693.878,     0.526
 19178.882, 60500.000,  -636.054,     0.958
 17668.323, 60500.000,  -653.401,     0.906
 30786.335, 60500.000,  -624.490,     0.910
 54160.248, 60500.000,  -745.918,     0.806
 52013.665, 60500.000,  -751.701,     0.546
 13613.665, 60500.000,  -584.014,     0.882
 25698.137, 60500.000,  -636.054,     0.630
 25539.130, 60500.000,  -685.204,     0.912
 15521.739, 60500.000,  -641.837,     0.978
 15998.758, 60500.000,  -633.163,     0.935
 53285.714, 60500.000,  -702.551,     0.721
 21245.963, 60500.000,  -621.599,     0.741
 10990.062, 60500.000,  -578.231,     0.595
 54955.280, 60500.000,  -760.374,     0.903
 57896.894, 60500.000,  -763.265,     0.947
 24585.093, 60500.000,  -618.707,     0.927
 52331.677, 60500.000,  -688.095,     0.918
 48913.043, 60500.000,  -711.224,     0.779
 27765.217, 60500.000,  -653.401,     0.647
 16793.789, 60500.000,  -630.272,     0.960
 12739.130, 60500.000,  -557.993,     0.783
 54160.248, 60500.000,  -757.483,     0.934
 44301.863, 60500.000,  -711.224,     0.444
 46607.453, 60500.000,  -682.313,     0.886
 52729.193, 60500.000,  -725.680,     0.559
 12023.602, 60500.000,  -586.905,     0.570
 53524.224, 60500.000,  -728.571,     0.864
 15680.745, 60500.000,  -638.946,     0.775
 24664.596, 60500.000,  -664.966,     0.895
 21007.453, 60500.000,  -630.272,     0.576
 12659.627, 60500.000,  -598.469,     0.796
  9479.503, 60500.000,  -638.946,     0.858
 51695.652, 60500.000,  -731.463,     0.519
 48595.031, 60500.000,  -705.442,     0.617
 48833.540, 60500.000,  -714.116,     0.871
 21484.472, 60500.000,  -662.075,     0.623
 52172.671, 60500.000,  -760.374,     0.672
 41916.770, 60500.000,  -722.789,     0.606
 13375.155, 60500.000,  -627.381,     0.900
 15919.255, 60500.000,  -633.163,     0.943
 24982.609, 60500.000,  -641.837,     0.848
 58771.429, 60500.000,  -780.612,     0.306
 12818.634, 60500.000,  -610.034,     0.607
 57896.894, 60500.000,  -748.810,     0.613
 36351.553, 60500.000,  -656.293,     0.890
 30229.814, 60500.000,  -633.163,     0.953
 14965.217, 60500.000,  -633.163,     0.882
 16714.286, 60500.000,  -584.014,     0.898
 22756.522, 60500.000,  -586.905,     0.549
 52013.665, 60500.000,  -717.007,     0.630
 16873.292, 60500.000,  -656.293,     0.847
 60281.988, 60500.000,  -763.265,     0.477
 47879.503, 60500.000,  -711.224,     0.705
 50900.621, 60500.000,  -728.571,     0.411
 51139.130, 60500.000,  -699.660,     0.744
 25857.143, 60500.000,  -586.905,     0.701
 25459.627, 60500.000,  -688.095,     0.664
 24903.106, 60500.000,  -592.687,     0.784
 10115.528, 60500.000,  -572.449,     0.643
 20291.925, 60500.000,  -569.558,     0.084
 11467.081, 60500.000,  -557.993,     0.839
 26413.665, 60500.000,  -612.925,     0.952
 60122.981, 60500.000,  -711.224,     0.941
 46766.460, 60500.000,  -722.789,     0.598
 43824.845, 60500.000,  -699.660,     0.763
 28083.230, 60500.000,  -653.401,     0.708
 22677.019, 60500.000,  -659.184,     0.550
 55988.820, 60500.000,  -690.986,     0.973
 52967.702, 60500.000,  -685.204,     0.779
 29275.776, 60500.000,  -592.687,     0.769
 47561.491, 60500.000,  -702.551,     0.714
 28321.739, 60500.000,  -636.054,     0.837
 14090.683, 60500.000,  -584.014,     0.969
 56942.857, 60500.000,  -688.095,     0.982
 51695.652, 60500.000,  -699.660,     0.693
 58930.435, 60500.000,  -705.442,     0.916
 38816.149, 60500.000,  -714.116,     0.889
 10910.559, 60500.000,  -540.646,     0.720
 48595.031, 60500.000,  -676.531,     0.118
 60520.497, 60500.000,  -725.680,     0.593
 47720.497, 60500.000,  -717.007,     0.439
 15521.739, 60500.000,  -607.143,     0.500
 16157.764, 60500.000,  -656.293,     0.647
 60520.497, 60500.000,  -766.156,     0.871
 59566.460, 60500.000,  -740.136,     0.963
 17986.335, 60500.000,  -641.837,     0.748
 32694.410, 60500.000,  -633.163,     0.797
 39849.689, 60500.000,  -682.313,     0.908
 36351.553, 60500.000,  -688.095,     0.494
 55034.783, 60500.000,  -734.354,     0.477
 41678.261, 60500.000,  -702.551,     0.723
 10751.553, 60500.000,  -644.728,     0.592
 13454.658, 60500.000,  -618.707,     0.623
 58771.429, 60500.000,  -769.048,     0.898
 17668.323, 60500.000,  -627.381,     0.855
 29196.273, 60500.000,  -638.946,     0.760
  9797.516, 60500.000,  -598.469,     0.898
 10195.031, 60500.000,  -566.667,     0.845
 22279.503, 60500.000,  -676.531,     0.902
 24744.099, 60500.000,  -676.531,     0.848
 35000.000, 60500.000,  -673.639,     0.715
 35000.000, 60500.000,  -679.422,     0.670
 44222.360, 60500.000,  -737.245,     0.503
 29832.298, 60500.000,  -673.639,     0.927
 59804.969, 60500.000,  -771.939,     0.949
 12103.106, 60500.000,  -581.122,     0.655
 32773.913, 60500.000,  -621.599,     0.448
 27765.217, 60500.000,  -659.184,     0.857
 19019.876, 60500.000,  -572.449,     0.436
 56624.845, 60500.000,  -780.612,     0.615
 12500.621, 60500.000,  -595.578,     0.682
 19496.894, 60500.000,  -586.905,     0.823
 42632.298, 60500.000,  -711.224,     0.433
 45732.919, 60500.000,  -711.224,     0.568
 11705.590, 60500.000,  -592.687,     0.756
 21166.460, 60500.000,  -641.837,     0.914
 15919.255, 60500.000,  -650.510,     0.827
 25539.130, 60500.000,  -592.687,     0.498
 13772.671, 60500.000,  -569.558,     0.918
 49549.068, 60500.000,  -699.660,     0.910
 52490.683, 60500.000,  -685.204,     0.839
 45573.913, 60500.000,  -699.660,     0.747
 46607.453, 60500.000,  -696.769,     0.908
 44063.354, 60500.000,  -708.333,     0.524
 47561.491, 60500.000,  -719.898,     0.417
 56545.342, 60500.000,  -725.680,     0.679
 32217.391, 60500.000,  -670.748,     0.549
 36192.547, 60500.000,  -656.293,     0.902
 10751.553, 60500.000,  -647.619,     0.539
 28878.261, 60500.000,  -673.639,     0.879
 36351.553, 60500.000,  -699.660,     0.926
 45891.925, 60500.000,  -728.571,     0.922
 19655.901, 60500.000,  -569.558,     0.052
 24187.578, 60500.000,  -644.728,     0.972
 54160.248, 60500.000,  -708.333,     0.806
 34602.484, 60500.000,  -670.748,     0.883
 45017.391, 60500.000,  -728.571,     0.944
 30627.329, 60500.000,  -618.707,     0.886
 23074.534, 60500.000,  -598.469,     0.984
 52093.168, 60500.000,  -679.422,     0.799
 54875.776, 60500.000,  -751.701,     0.902
 39611.180, 60500.000,  -667.857,     0.842
  9956.522, 60500.000,  -581.122,     0.738
 28878.261, 60500.000,  -659.184,     0.886
 49946.584, 60500.000,  -731.463,     0.653
 28957.764, 60500.000,  -598.469,     0.702
 34045.963, 60500.000,  -656.293,     0.897
 34602.484, 60500.000,  -693.878,     0.799
 18781.366, 60500.000,  -641.837,     0.918
 30468.323, 60500.000,  -644.728,     0.797
 29275.776, 60500.000,  -615.816,     0.835
 24187.578, 60500.000,  -598.469,     0.855
 55670.807, 60500.000,  -748.810,     0.929
 23949.068, 60500.000,  -627.381,     0.925
 34284.472, 60500.000,  -682.313,     0.766
 23233.540, 60500.000,  -656.293,     0.781
 48277.019, 60500.000,  -728.571,     0.793
 32535.404, 60500.000,  -662.075,     0.831
 23551.553, 60500.000,  -636.054,     0.962
 48356.522, 60500.000,  -737.245,     0.935
 59884.472, 60500.000,  -702.551,     0.971
 56942.857, 60500.000,  -783.503,     0.467
 11149.068, 60500.000,  -610.034,     0.856
 28242.236, 60500.000,  -641.837,     0.781
 35477.019, 60500.000,  -656.293,     0.885
 54796.273, 60500.000,  -702.551,     0.902
 47243.478, 60500.000,  -717.007,     0.466
 37862.112, 60500.000,  -696.769,     0.557
 56068.323, 60500.000,  -737.245,     0.508
 19814.907, 60500.000,  -598.469,     0.844
 35715.528, 60500.000,  -656.293,     0.918
  9479.503, 60500.000,  -592.687,     0.755
 28162.733, 60500.000,  -656.293,     0.900
 48197.516, 60500.000,  -734.354,     0.923
 39452.174, 60500.000,  -696.769,     0.458
 29355.280, 60500.000,  -595.578,     0.717
 45971.429, 60500.000,  -688.095,     0.871
 10592.547, 60500.000,  -546.429,     0.750
 43665.839, 60500.000,  -719.898,     0.901
 36669.565, 60500.000,  -714.116,     0.441
 24028.571, 60500.000,  -659.184,     0.598
 27606.211, 60500.000,  -598.469,     0.621
 24267.081, 60500.000,  -586.905,     0.630
 56306.832, 60500.000,  -734.354,     0.517
 60520.497, 60500.000,  -745.918,     0.933
 44460.870, 60500.000,  -685.204,     0.942
 11785.093, 60500.000,  -644.728,     0.465
 32455.901, 60500.000,  -633.163,     0.958
 34761.491, 60500.000,  -690.986,     0.892
 14567.702, 60500.000,  -581.122,     0.968
 52808.696, 60500.000,  -693.878,     0.717
 44381.366, 60500.000,  -702.551,     0.827
 43904.348, 60500.000,  -682.313,     0.678
  9559.006, 60500.000,  -641.837,     0.831
 19019.876, 60500.000,  -607.143,     0.522
  9638.509, 60500.000,  -534.864,     0.031
 52570.186, 60500.000,  -705.442,     0.814
 27526.708, 60500.000,  -659.184,     0.641
 37146.584, 60500.000,  -714.116,     0.513
 40247.205, 60500.000,  -688.095,     0.603
 10990.062, 60500.000,  -618.707,     0.640
 58294.410, 60500.000,  -766.156,     0.775
 54478.261, 60500.000,  -690.986,     0.767
 27844.720, 60500.000,  -627.381,     0.859
 40326.708, 60500.000,  -670.748,     0.708
 10910.559, 60500.000,  -641.837,     0.652
 59566.460, 60500.000,  -797.959,     0.091
 36192.547, 60500.000,  -667.857,     0.885
 37862.112, 60500.000,  -664.966,     0.792
 28003.727, 60500.000,  -682.313,     0.881
 35000.000, 60500.000,  -664.966,     0.850
 53842.236, 60500.000,  -717.007,     0.921
 50980.124, 60500.000,  -740.136,     0.925
 26413.665, 60500.000,  -586.905,     0.519
 33727.950, 60500.000,  -696.769,     0.563
 29673.292, 60500.000,  -636.054,     0.914
 59884.472, 60500.000,  -771.939,     0.937
 32694.410, 60500.000,  -688.095,     0.743
 59327.950, 60500.000,  -777.721,     0.852
 59963.975, 60500.000,  -803.741,     0.471
 41678.261, 60500.000,  -705.442,     0.477
 12103.106, 60500.000,  -586.905,     0.626
 18542.857, 60500.000,  -604.252,     0.604
 26254.658, 60500.000,  -659.184,     0.846
 42075.776, 60500.000,  -699.660,     0.818
 14567.702, 60500.000,  -621.599,     0.734
 24187.578, 60500.000,  -618.707,     0.834
  9718.012, 60500.000,  -610.034,     0.812
 52808.696, 60500.000,  -722.789,     0.850
 44778.882, 60500.000,  -708.333,     0.644
 12341.615, 60500.000,  -636.054,     0.829
 19099.379, 60500.000,  -618.707,     0.900
 16634.783, 60500.000,  -572.449,     0.820
 12739.130, 60500.000,  -615.816,     0.528
 30786.335, 60500.000,  -656.293,     0.877
 51139.130, 60500.000,  -751.701,     0.455
  9718.012, 60500.000,  -641.837,     0.795
 30786.335, 60500.000,  -693.878,     0.271
 21802.484, 60500.000,  -578.231,     0.610
 49628.571, 60500.000,  -717.007,     0.828
 28003.727, 60500.000,  -673.639,     0.882
 30229.814, 60500.000,  -656.293,     0.876
 12023.602, 60500.000,  -552.211,     0.908
 16475.776, 60500.000,  -584.014,     0.791
 21245.963, 60500.000,  -598.469,     0.667
 42234.783, 60500.000,  -670.748,     0.894
 11228.571, 60500.000,  -601.361,     0.943
 29911.801, 60500.000,  -636.054,     0.842
 10990.062, 60500.000,  -581.122,     0.646
 18701.863, 60500.000,  -627.381,     0.633
 12341.615, 60500.000,  -569.558,     0.875
 24028.571, 60500.000,  -612.925,     0.890
 53524.224, 60500.000,  -737.245,     0.602
 56465.839, 60500.000,  -757.483,     0.868
 36510.559, 60500.000,  -641.837,     0.671
 17986.335, 60500.000,  -581.122,     0.737
 58135.404, 60500.000,  -685.204,     0.173
 24028.571, 60500.000,  -664.966,     0.766
 12182.609, 60500.000,  -592.687,     0.806
 12023.602, 60500.000,  -584.014,     0.536
 57181.366, 60500.000,  -725.680,     0.879
 26413.665, 60500.000,  -589.796,     0.501
 13613.665, 60500.000,  -601.361,     0.878
 10513.043, 60500.000,  -569.558,     0.821
 10592.547, 60500.000,  -555.102,     0.890
 46130.435, 60500.000,  -676.531,     0.831
 23631.056, 60500.000,  -601.361,     0.947
 25300.621, 60500.000,  -647.619,     0.753
 50185.093, 60500.000,  -690.986,     0.675
 11944.099, 60500.000,  -555.102,     0.916
 59566.460, 60500.000,  -734.354,     0.797
 55034.783, 60500.000,  -699.660,     0.830
 57340.373, 60500.000,  -722.789,     0.896
 45494.410, 60500.000,  -673.639,     0.761
 55432.298, 60500.000,  -757.483,     0.898
 52252.174, 60500.000,  -728.571,     0.401
 20371.429, 60500.000,  -575.340,     0.818
 10990.062, 60500.000,  -647.619,     0.493
 32455.901, 60500.000,  -667.857,     0.508
 23631.056, 60500.000,  -624.490,     0.859
 16714.286, 60500.000,  -650.510,     0.884
 52729.193, 60500.000,  -682.313,     0.794
 33330.435, 60500.000,  -612.925,     0.614
 49628.571, 60500.000,  -679.422,     0.576
 37782.609, 60500.000,  -714.116,     0.731
 58453.416, 60500.000,  -699.660,     0.923
 60440.994, 60500.000,  -763.265,     0.512
 57260.870, 60500.000,  -725.680,     0.890
 12421.118, 60500.000,  -569.558,     0.898
 60202.484, 60500.000,  -754.592,     0.717
 39452.174, 60500.000,  -664.966,     0.910
 49549.068, 60500.000,  -696.769,     0.820
 34125.466, 60500.000,  -656.293,     0.903
 48277.019, 60500.000,  -725.680,     0.582
 13772.671, 60500.000,  -607.143,     0.906
 30865.839, 60500.000,  -667.857,     0.464
 31342.857, 60500.000,  -610.034,     0.482
  9877.019, 60500.000,  -630.272,     0.961
 24346.584, 60500.000,  -624.490,     0.960
 24823.602, 60500.000,  -644.728,     0.956
 24267.081, 60500.000,  -581.122,     0.744
 60122.981, 60500.000,  -731.463,     0.555
 25459.627, 60500.000,  -641.837,     0.903
 20689.441, 60500.000,  -607.143,     0.926
 58850.932, 60500.000,  -702.551,     0.917
 30706.832, 60500.000,  -607.143,     0.505
 11864.596, 60500.000,  -598.469,     0.949
 47800.000, 60500.000,  -676.531,     0.160
 60520.497, 60500.000,  -763.265,     0.744
 16634.783, 60500.000,  -644.728,     0.812
 33012.422, 60500.000,  -612.925,     0.447
 56624.845, 60500.000,  -699.660,     0.937
 58214.907, 60500.000,  -734.354,     0.643
 11387.578, 60500.000,  -581.122,     0.671
 10274.534, 60500.000,  -584.014,     0.808
 18542.857, 60500.000,  -592.687,     0.933
 41757.764, 60500.000,  -682.313,     0.572
 20927.950, 60500.000,  -633.163,     0.663
 49946.584, 60500.000,  -748.810,     0.262
 45653.416, 60500.000,  -688.095,     0.960
 46289.441, 60500.000,  -673.639,     0.186
 31501.863, 60500.000,  -664.966,     0.540
  9400.000, 60500.000,  -581.122,     0.925
 50741.615, 60500.000,  -722.789,     0.394
 38498.137, 60500.000,  -708.333,     0.941
 45255.901, 60500.000,  -740.136,     0.521
 46209.938, 60500.000,  -693.878,     0.974
 17588.820, 60500.000,  -624.490,     0.576
 27685.714, 60500.000,  -584.014,     0.922
 34761.491, 60500.000,  -659.184,     0.730
 43427.329, 60500.000,  -670.748,     0.839
  9718.012, 60500.000,  -638.946,     0.786
 17827.329, 60500.000,  -566.667,     0.373
 26652.174, 60500.000,  -685.204,     0.713
 48118.012, 60500.000,  -699.660,     0.944
 22597.516, 60500.000,  -592.687,     0.816
 44460.870, 60500.000,  -699.660,     0.868
 32773.913, 60500.000,  -604.252,     0.109
 40962.733, 60500.000,  -717.007,     0.858
 38816.149, 60500.000,  -682.313,     0.727
 16634.783, 60500.000,  -569.558,     0.934
 33250.932, 60500.000,  -624.490,     0.547
 50980.124, 60500.000,  -714.116,     0.615
 29911.801, 60500.000,  -607.143,     0.593
 23869.565, 60500.000,  -601.361,     0.944
 23392.547, 60500.000,  -662.075,     0.598
 39372.671, 60500.000,  -719.898,     0.751
 26811.180, 60500.000,  -641.837,     0.869
 50980.124, 60500.000,  -676.531,     0.158
 34045.963, 60500.000,  -682.313,     0.895
 54875.776, 60500.000,  -763.265,     0.938
  9559.006, 60500.000,  -540.646,     0.882
 52967.702, 60500.000,  -702.551,     0.689
 34045.963, 60500.000,  -667.857,     0.939
 21802.484, 60500.000,  -615.816,     0.593
 57260.870, 60500.000,  -688.095,     0.953
 47402.484, 60500.000,  -690.986,     0.847
 14090.683, 60500.000,  -638.946,     0.855
 52808.696, 60500.000,  -740.136,     0.838
 34840.994, 60500.000,  -679.422,     0.680
 37623.602, 60500.000,  -688.095,     0.842
 17191.304, 60500.000,  -612.925,     0.859
 23631.056, 60500.000,  -650.510,     0.889
 40008.696, 60500.000,  -717.007,     0.867
 49867.081, 60500.000,  -725.680,     0.411
 40008.696, 60500.000,  -659.184,     0.231
 14885.714, 60500.000,  -656.293,     0.483
 59963.975, 60500.000,  -731.463,     0.618
 40724.224, 60500.000,  -679.422,     0.755
 27844.720, 60500.000,  -664.966,     0.422
 57658.385, 60500.000,  -757.483,     0.889
 35318.012, 60500.000,  -679.422,     0.765
 55034.783, 60500.000,  -774.830,     0.411
 17509.317, 60500.000,  -586.905,     0.939
 27049.689, 60500.000,  -662.075,     0.485
 10910.559, 60500.000,  -566.667,     0.900
 13216.149, 60500.000,  -610.034,     0.782
 20609.938, 60500.000,  -664.966,     0.749
 54955.280, 60500.000,  -771.939,     0.566
 36033.540, 60500.000,  -636.054,     0.101
 35159.006, 60500.000,  -667.857,     0.783
 11149.068, 60500.000,  -592.687,     0.692
 27208.696, 60500.000,  -664.966,     0.368
 18781.366, 60500.000,  -630.272,     0.777
 20053.416, 60500.000,  -627.381,     0.562
 30786.335, 60500.000,  -595.578,     0.110
 15760.248, 60500.000,  -586.905,     0.929
 12580.124, 60500.000,  -560.884,     0.770
 44937.888, 60500.000,  -708.333,     0.624
 10672.050, 60500.000,  -650.510,     0.453
 13136.646, 60500.000,  -633.163,     0.834
 31183.851, 60500.000,  -644.728,     0.927
 42473.292, 60500.000,  -714.116,     0.584
 59168.944, 60500.000,  -722.789,     0.619
 23790.062, 60500.000,  -638.946,     0.898
 25857.143, 60500.000,  -644.728,     0.942
 30388.820, 60500.000,  -647.619,     0.928
 46925.466, 60500.000,  -722.789,     0.487
 58214.907, 60500.000,  -745.918,     0.464
 47640.994, 60500.000,  -740.136,     0.771
 12103.106, 60500.000,  -638.946,     0.883
 48038.509, 60500.000,  -717.007,     0.648
 52729.193, 60500.000,  -708.333,     0.882
 28719.255, 60500.000,  -659.184,     0.898
 33171.429, 60500.000,  -693.878,     0.591
 56624.845, 60500.000,  -783.503,     0.391
 37067.081, 60500.000,  -644.728,     0.188
 55829.814, 60500.000,  -714.116,     0.729
 40406.211, 60500.000,  -722.789,     0.874
 11785.093, 60500.000,  -566.667,     0.847
 13295.652, 60500.000,  -575.340,     0.606
 32932.919, 60500.000,  -636.054,     0.969
 54001.242, 60500.000,  -722.789,     0.928
 23313.043, 60500.000,  -676.531,     0.948
 21563.975, 60500.000,  -610.034,     0.922
 33489.441, 60500.000,  -650.510,     0.975
 26890.683, 60500.000,  -673.639,     0.899
 22518.012, 60500.000,  -659.184,     0.515
 18383.851, 60500.000,  -578.231,     0.952
 41360.248, 60500.000,  -667.857,     0.875
 13295.652, 60500.000,  -563.776,     0.972
 17668.323, 60500.000,  -601.361,     0.642
 55909.317, 60500.000,  -693.878,     0.937
 33250.932, 60500.000,  -610.034,     0.101
 29991.304, 60500.000,  -618.707,     0.902
 49072.050, 60500.000,  -685.204,     0.726
 22995.031, 60500.000,  -670.748,     0.906
 32694.410, 60500.000,  -618.707,     0.432
 60520.497, 60500.000,  -731.463,     0.566
 38180.124, 60500.000,  -708.333,     0.913
 36749.068, 60500.000,  -659.184,     0.837
 49390.062, 60500.000,  -745.918,     0.597
 10433.540, 60500.000,  -546.429,     0.732
 36431.056, 60500.000,  -650.510,     0.991
 48913.043, 60500.000,  -734.354,     0.929
 18940.373, 60500.000,  -662.075,     0.926
 41837.267, 60500.000,  -719.898,     0.838
 25459.627, 60500.000,  -586.905,     0.494
 27844.720, 60500.000,  -685.204,     0.756
 14090.683, 60500.000,  -546.429,     0.057
 53683.230, 60500.000,  -757.483,     0.953
 26254.658, 60500.000,  -592.687,     0.498
 10592.547, 60500.000,  -630.272,     0.991
 58453.416, 60500.000,  -734.354,     0.658
 53047.205, 60500.000,  -690.986,     0.842
 58294.410, 60500.000,  -769.048,     0.894
 22518.012, 60500.000,  -667.857,     0.836
 53126.708, 60500.000,  -719.898,     0.681
 54637.267, 60500.000,  -774.830,     0.381
 21086.957, 60500.000,  -638.946,     0.946
 23631.056, 60500.000,  -598.469,     0.924
 30865.839, 60500.000,  -598.469,     0.791
 40803.727, 60500.000,  -690.986,     0.747
 43506.832, 60500.000,  -705.442,     0.822
 20053.416, 60500.000,  -569.558,     0.053
 33330.435, 60500.000,  -670.748,     0.607
 26652.174, 60500.000,  -575.340,     0.116
 54637.267, 60500.000,  -734.354,     0.691
 18701.863, 60500.000,  -673.639,     0.678
 52808.696, 60500.000,  -754.592,     0.774
 24903.106, 60500.000,  -630.272,     0.700
 34284.472, 60500.000,  -688.095,     0.848
 16952.795, 60500.000,  -630.272,     0.917
 35397.516, 60500.000,  -688.095,     0.544
 25539.130, 60500.000,  -630.272,     0.571
 30468.323, 60500.000,  -607.143,     0.488
 40883.230, 60500.000,  -662.075,     0.231
 48992.547, 60500.000,  -688.095,     0.824
 16237.267, 60500.000,  -624.490,     0.768
 57419.876, 60500.000,  -771.939,     0.488
 54319.255, 60500.000,  -688.095,     0.619
 54398.758, 60500.000,  -748.810,     0.832
 22995.031, 60500.000,  -624.490,     0.753
 54557.764, 60500.000,  -722.789,     0.854
 39134.161, 60500.000,  -708.333,     0.826
 55273.292, 60500.000,  -774.830,     0.432
 56704.348, 60500.000,  -774.830,     0.486
 31024.845, 60500.000,  -656.293,     0.939
 41439.752, 60500.000,  -685.204,     0.798
 25062.112, 60500.000,  -607.143,     0.914
 21881.988, 60500.000,  -589.796,     0.855
 48833.540, 60500.000,  -740.136,     0.773
 36828.571, 60500.000,  -690.986,     0.586
 29196.273, 60500.000,  -673.639,     0.915
 31422.360, 60500.000,  -676.531,     0.885
 46130.435, 60500.000,  -696.769,     0.926
 51536.646, 60500.000,  -734.354,     0.665
 25777.640, 60500.000,  -690.986,     0.613
 52808.696, 60500.000,  -731.463,     0.453
 19337.888, 60500.000,  -607.143,     0.694
 30945.342, 60500.000,  -621.599,     0.845
 23551.553, 60500.000,  -601.361,     0.939
 57658.385, 60500.000,  -725.680,     0.923
 37703.106, 60500.000,  -653.401,     0.922
 34443.478, 60500.000,  -685.204,     0.756
 25539.130, 60500.000,  -612.925,     0.889
 56386.335, 60500.000,  -774.830,     0.513
 17827.329, 60500.000,  -586.905,     0.923
 21802.484, 60500.000,  -624.490,     0.764
 14408.696, 60500.000,  -653.401,     0.463
 34602.484, 60500.000,  -641.837,     0.893
 28957.764, 60500.000,  -612.925,     0.757
 58135.404, 60500.000,  -728.571,     0.862
 15680.745, 60500.000,  -610.034,     0.557
 17986.335, 60500.000,  -653.401,     0.938
 14408.696, 60500.000,  -560.884,     0.887
 25618.634, 60500.000,  -679.422,     0.901
 24982.609, 60500.000,  -575.340,     0.082
 14567.702, 60500.000,  -584.014,     0.877
 24426.087, 60500.000,  -667.857,     0.871
 24426.087, 60500.000,  -664.966,     0.615
 56624.845, 60500.000,  -769.048,     0.546
 51934.161, 60500.000,  -763.265,     0.353
 60361.491, 60500.000,  -734.354,     0.618
 15124.224, 60500.000,  -653.401,     0.612
 32773.913, 60500.000,  -679.422,     0.929
 38259.627, 60500.000,  -670.748,     0.664
 45335.404, 60500.000,  -708.333,     0.786
 14408.696, 60500.000,  -618.707,     0.574
 36272.050, 60500.000,  -662.075,     0.751
 12739.130, 60500.000,  -630.272,     0.739
 17906.832, 60500.000,  -610.034,     0.933
 41757.764, 60500.000,  -702.551,     0.840
 35636.025, 60500.000,  -711.224,     0.332
 60202.484, 60500.000,  -708.333,     0.980
 57976.398, 60500.000,  -717.007,     0.498
 26095.652, 60500.000,  -615.816,     0.888
 59327.950, 60500.000,  -786.395,     0.396
 17906.832, 60500.000,  -612.925,     0.937
 38418.634, 60500.000,  -676.531,     0.894
 25857.143, 60500.000,  -650.510,     0.753
 56068.323, 60500.000,  -719.898,     0.897
 42155.280, 60500.000,  -696.769,     0.582
 46050.932, 60500.000,  -722.789,     0.617
 36908.075, 60500.000,  -690.986,     0.556
 19417.391, 60500.000,  -575.340,     0.480
 11705.590, 60500.000,  -644.728,     0.445
 22200.000, 60500.000,  -664.966,     0.888
 55034.783, 60500.000,  -760.374,     0.921
 29991.304, 60500.000,  -621.599,     0.875
 52093.168, 60500.000,  -740.136,     0.871
 17350.311, 60500.000,  -604.252,     0.831
 24426.087, 60500.000,  -636.054,     0.882
 55909.317, 60500.000,  -685.204,     0.278
 43029.814, 60500.000,  -699.660,     0.629
 33648.447, 60500.000,  -685.204,     0.896
 36510.559, 60500.000,  -667.857,     0.922
 55909.317, 60500.000,  -748.810,     0.929
 10990.062, 60500.000,  -638.946,     0.896
 56704.348, 60500.000,  -731.463,     0.863
 57181.366, 60500.000,  -728.571,     0.874
 18304.348, 60500.000,  -610.034,     0.903
 12500.621, 60500.000,  -566.667,     0.936
 53285.714, 60500.000,  -711.224,     0.711
 32853.416, 60500.000,  -627.381,     0.663
 46527.950, 60500.000,  -708.333,     0.897
 30229.814, 60500.000,  -682.313,     0.807
 57817.391, 60500.000,  -688.095,     0.921
 56624.845, 60500.000,  -754.592,     0.897
 40406.211, 60500.000,  -673.639,     0.619
 21086.957, 60500.000,  -581.122,     0.583
 50980.124, 60500.000,  -719.898,     0.751
 27208.696, 60500.000,  -673.639,     0.867
 51218.634, 60500.000,  -705.442,     0.903
 17906.832, 60500.000,  -592.687,     0.925
 25936.646, 60500.000,  -673.639,     0.548
 22120.497, 60500.000,  -636.054,     0.871
 24903.106, 60500.000,  -584.014,     0.497
 32773.913, 60500.000,  -615.816,     0.420
 28480.745, 60500.000,  -659.184,     0.897
 42155.280, 60500.000,  -708.333,     0.470
 19576.398, 60500.000,  -581.122,     0.946
 48197.516, 60500.000,  -690.986,     0.867
 13216.149, 60500.000,  -584.014,     0.769
 56863.354, 60500.000,  -731.463,     0.823
 16555.280, 60500.000,  -624.490,     0.794
 22677.019, 60500.000,  -656.293,     0.519
 52808.696, 60500.000,  -696.769,     0.637
 28560.248, 60500.000,  -688.095,     0.579
 60202.484, 60500.000,  -748.810,     0.942
 50185.093, 60500.000,  -740.136,     0.807
 13534.161, 60500.000,  -627.381,     0.758
 44699.379, 60500.000,  -743.027,     0.277
 15362.733, 60500.000,  -615.816,     0.621
 27288.199, 60500.000,  -641.837,     0.847
 22518.012, 60500.000,  -624.490,     0.768
 36272.050, 60500.000,  -670.748,     0.918
 18383.851, 60500.000,  -566.667,     0.524
 37544.099, 60500.000,  -717.007,     0.562
 57022.360, 60500.000,  -763.265,     0.682
 58691.925, 60500.000,  -763.265,     0.880
 21166.460, 60500.000,  -601.361,     0.900
 54398.758, 60500.000,  -696.769,     0.954
 40485.714, 60500.000,  -717.007,     0.649
 19814.907, 60500.000,  -607.143,     0.554
 49151.553, 60500.000,  -745.918,     0.723
 30150.311, 60500.000,  -630.272,     0.948
 50980.124, 60500.000,  -690.986,     0.692
 52729.193, 60500.000,  -737.245,     0.778
 10592.547, 60500.000,  -638.946,     0.771
 35715.528, 60500.000,  -662.075,     0.849
 56306.832, 60500.000,  -751.701,     0.935
 19814.907, 60500.000,  -621.599,     0.925
 38100.621, 60500.000,  -702.551,     0.892
 29832.298, 60500.000,  -595.578,     0.713
 12262.112, 60500.000,  -537.755,     0.039
 45812.422, 60500.000,  -676.531,     0.827
 55432.298, 60500.000,  -777.721,     0.470
 50344.099, 60500.000,  -743.027,     0.719
 10910.559, 60500.000,  -601.361,     0.898
 10513.043, 60500.000,  -641.837,     0.762
 27288.199, 60500.000,  -607.143,     0.615
 22438.509, 60500.000,  -612.925,     0.794
 25380.124, 60500.000,  -578.231,     0.838
 41678.261, 60500.000,  -722.789,     0.847
 34761.491, 60500.000,  -664.966,     0.836
 54001.242, 60500.000,  -693.878,     0.874
 56545.342, 60500.000,  -722.789,     0.727
 41042.236, 60500.000,  -670.748,     0.823
 10274.534, 60500.000,  -650.510,     0.051
 60361.491, 60500.000,  -760.374,     0.480
 36590.062, 60500.000,  -693.878,     0.801
 29275.776, 60500.000,  -676.531,     0.814
 10751.553, 60500.000,  -566.667,     0.861
 30865.839, 60500.000,  -641.837,     0.847
 60600.000, 60500.000,  -815.306,     0.285
 44142.857, 60500.000,  -667.857,     0.182
 48277.019, 60500.000,  -696.769,     0.839
 13693.168, 60500.000,  -586.905,     0.937
 45812.422, 60500.000,  -719.898,     0.677
 42314.286, 60500.000,  -714.116,     0.684
 19973.913, 60500.000,  -638.946,     0.812
 45812.422, 60500.000,  -708.333,     0.819
 35715.528, 60500.000,  -693.878,     0.895
 25777.640, 60500.000,  -575.340,     0.890
 28878.261, 60500.000,  -615.816,     0.882
 16634.783, 60500.000,  -633.163,     0.965
 34045.963, 60500.000,  -650.510,     0.814
 11387.578, 60500.000,  -610.034,     0.778
 25141.615, 60500.000,  -610.034,     0.855
 36351.553, 60500.000,  -676.531,     0.783
 19973.913, 60500.000,  -595.578,     0.755
 29832.298, 60500.000,  -650.510,     0.789
 40724.224, 60500.000,  -699.660,     0.567
 50980.124, 60500.000,  -722.789,     0.461
 53444.720, 60500.000,  -731.463,     0.689
 17191.304, 60500.000,  -598.469,     0.776
 36828.571, 60500.000,  -688.095,     0.561
 15521.739, 60500.000,  -578.231,     0.682
 36987.578, 60500.000,  -650.510,     0.865
 13216.149, 60500.000,  -581.122,     0.687
 36351.553, 60500.000,  -664.966,     0.811
 46925.466, 60500.000,  -745.918,     0.360
 52331.677, 60500.000,  -690.986,     0.824
 23631.056, 60500.000,  -610.034,     0.945
 50582.609, 60500.000,  -682.313,     0.631
 50264.596, 60500.000,  -748.810,     0.290
 37226.087, 60500.000,  -708.333,     0.816
 19894.410, 60500.000,  -676.531,     0.701
 14726.708, 60500.000,  -618.707,     0.784
 44937.888, 60500.000,  -731.463,     0.831
 55829.814, 60500.000,  -783.503,     0.290
 47800.000, 60500.000,  -702.551,     0.763
 29434.783, 60500.000,  -679.422,     0.931
 47084.472, 60500.000,  -728.571,     0.897
 58532.919, 60500.000,  -766.156,     0.957
 30786.335, 60500.000,  -636.054,     0.945
 43029.814, 60500.000,  -662.075,     0.165
 36351.553, 60500.000,  -638.946,     0.486
 30786.335, 60500.000,  -650.510,     0.856
 53444.720, 60500.000,  -719.898,     0.836
 12580.124, 60500.000,  -569.558,     0.819
 24505.590, 60500.000,  -641.837,     0.851
 46050.932, 60500.000,  -705.442,     0.832
 10433.540, 60500.000,  -584.014,     0.642
 15760.248, 60500.000,  -584.014,     0.886
 45017.391, 60500.000,  -734.354,     0.569
 50503.106, 60500.000,  -725.680,     0.430
 25221.118, 60500.000,  -656.293,     0.399
 25141.615, 60500.000,  -601.361,     0.941
 43586.335, 60500.000,  -719.898,     0.913
 28242.236, 60500.000,  -659.184,     0.667
 20450.932, 60500.000,  -636.054,     0.840
 19417.391, 60500.000,  -598.469,     0.855
 43029.814, 60500.000,  -731.463,     0.862
 55352.795, 60500.000,  -688.095,     0.941
 35079.503, 60500.000,  -644.728,     0.866
 34125.466, 60500.000,  -644.728,     0.834
 21643.478, 60500.000,  -670.748,     0.730
 51695.652, 60500.000,  -745.918,     0.874
 22200.000, 60500.000,  -641.837,     0.912
 38736.646, 60500.000,  -656.293,     0.894
 15283.230, 60500.000,  -592.687,     0.925
 16634.783, 60500.000,  -563.776,     0.625
 14567.702, 60500.000,  -563.776,     0.932
 16714.286, 60500.000,  -589.796,     0.910
 29673.292, 60500.000,  -670.748,     0.668
 15521.739, 60500.000,  -650.510,     0.747
 26095.652, 60500.000,  -688.095,     0.762
 36351.553, 60500.000,  -659.184,     0.789
 57578.882, 60500.000,  -740.136,     0.494
 31501.863, 60500.000,  -644.728,     0.890
 40247.205, 60500.000,  -708.333,     0.746
 23949.068, 60500.000,  -584.014,     0.545
 20212.422, 60500.000,  -624.490,     0.616
 32296.894, 60500.000,  -618.707,     0.601
 18224.845, 60500.000,  -618.707,     0.699
 32932.919, 60500.000,  -659.184,     0.613
 27447.205, 60500.000,  -679.422,     0.844
 49946.584, 60500.000,  -685.204,     0.586
 48038.509, 60500.000,  -734.354,     0.934
 10036.025, 60500.000,  -601.361,     0.890
 27685.714, 60500.000,  -612.925,     0.849
 33648.447, 60500.000,  -682.313,     0.921
 17668.323, 60500.000,  -563.776,     0.437
 56624.845, 60500.000,  -690.986,     0.863
 23790.062, 60500.000,  -667.857,     0.889
 17032.298, 60500.000,  -566.667,     0.594
 13852.174, 60500.000,  -610.034,     0.815
 33648.447, 60500.000,  -667.857,     0.817
 44699.379, 60500.000,  -708.333,     0.575
 12580.124, 60500.000,  -612.925,     0.616
 45096.894, 60500.000,  -714.116,     0.480
 33250.932, 60500.000,  -662.075,     0.920
 25141.615, 60500.000,  -618.707,     0.740
 48674.534, 60500.000,  -725.680,     0.543
 32376.398, 60500.000,  -604.252,     0.093
 17429.814, 60500.000,  -589.796,     0.853
 28480.745, 60500.000,  -592.687,     0.941
 32217.391, 60500.000,  -650.510,     0.873
 34045.963, 60500.000,  -644.728,     0.932
 37146.584, 60500.000,  -711.224,     0.647
 30547.826, 60500.000,  -598.469,     0.782
 30627.329, 60500.000,  -662.075,     0.710
 21086.957, 60500.000,  -595.578,     0.893
 37146.584, 60500.000,  -699.660,     0.878
 14408.696, 60500.000,  -624.490,     0.659
 35556.522, 60500.000,  -630.272,     0.094
 14170.186, 60500.000,  -656.293,     0.412
 13295.652, 60500.000,  -546.429,     0.790
 11864.596, 60500.000,  -543.537,     0.478
 56704.348, 60500.000,  -780.612,     0.635
 58214.907, 60500.000,  -688.095,     0.265
 41916.770, 60500.000,  -719.898,     0.763
 46368.944, 60500.000,  -743.027,     0.548
 45732.919, 60500.000,  -705.442,     0.875
 27208.696, 60500.000,  -630.272,     0.945
 35874.534, 60500.000,  -656.293,     0.950
 51059.627, 60500.000,  -676.531,     0.148
 29911.801, 60500.000,  -656.293,     0.882
  9797.516, 60500.000,  -644.728,     0.596
 11069.565, 60500.000,  -610.034,     0.906
 29037.267, 60500.000,  -633.163,     0.941
 39054.658, 60500.000,  -708.333,     0.884
 33171.429, 60500.000,  -627.381,     0.618
 59645.963, 60500.000,  -771.939,     0.965
  9400.000, 60500.000,  -586.905,     0.911
 39372.671, 60500.000,  -662.075,     0.953
 56545.342, 60500.000,  -771.939,     0.501
 53365.217, 60500.000,  -740.136,     0.616
 22677.019, 60500.000,  -624.490,     0.748
 37305.590, 60500.000,  -699.660,     0.890
 27924.224, 60500.000,  -664.966,     0.424
 10354.037, 60500.000,  -563.776,     0.895
 60281.988, 60500.000,  -800.850,     0.616
 41519.255, 60500.000,  -711.224,     0.404
 28639.752, 60500.000,  -592.687,     0.965
 29991.304, 60500.000,  -656.293,     0.875
 25539.130, 60500.000,  -682.313,     0.855
 11228.571, 60500.000,  -569.558,     0.720
 28083.230, 60500.000,  -586.905,     0.862
 27367.702, 60500.000,  -647.619,     0.846
 60440.994, 60500.000,  -812.415,     0.058
 16475.776, 60500.000,  -598.469,     0.937
 56863.354, 60500.000,  -743.027,     0.448
 26731.677, 60500.000,  -598.469,     0.582
 15044.720, 60500.000,  -569.558,     0.914
 59009.938, 60500.000,  -734.354,     0.899
 17429.814, 60500.000,  -662.075,     0.761
 12182.609, 60500.000,  -546.429,     0.656
 59327.950, 60500.000,  -743.027,     0.766
 57499.379, 60500.000,  -708.333,     0.856
 25777.640, 60500.000,  -592.687,     0.476
 10274.534, 60500.000,  -604.252,     0.914
 42234.783, 60500.000,  -685.204,     0.872
 35159.006, 60500.000,  -682.313,     0.475
 46050.932, 60500.000,  -714.116,     0.536
 47959.006, 60500.000,  -717.007,     0.634
 47481.988, 60500.000,  -696.769,     0.931
 20450.932, 60500.000,  -592.687,     0.969
 28401.242, 60500.000,  -644.728,     0.945
 17429.814, 60500.000,  -566.667,     0.485
 29593.789, 60500.000,  -621.599,     0.812
 58055.901, 60500.000,  -745.918,     0.415
 23313.043, 60500.000,  -641.837,     0.779
 18860.870, 60500.000,  -586.905,     0.669
 13136.646, 60500.000,  -638.946,     0.929
 25380.124, 60500.000,  -647.619,     0.633
 40088.199, 60500.000,  -667.857,     0.873
 14090.683, 60500.000,  -575.340,     0.785
 26175.155, 60500.000,  -685.204,     0.631
 56783.851, 60500.000,  -769.048,     0.496
 36272.050, 60500.000,  -656.293,     0.894
 33330.435, 60500.000,  -679.422,     0.856
 52252.174, 60500.000,  -734.354,     0.557
 16714.286, 60500.000,  -598.469,     0.910
 48436.025, 60500.000,  -740.136,     0.791
 40406.211, 60500.000,  -728.571,     0.235
 56465.839, 60500.000,  -717.007,     0.916
 24028.571, 60500.000,  -627.381,     0.898
 53762.733, 60500.000,  -777.721,     0.293
 37226.087, 60500.000,  -662.075,     0.906
 52490.683, 60500.000,  -751.701,     0.704
 35715.528, 60500.000,  -688.095,     0.556
 45017.391, 60500.000,  -690.986,     0.866
 37385.093, 60500.000,  -676.531,     0.665
 30945.342, 60500.000,  -601.361,     0.628
 10831.056, 60500.000,  -638.946,     0.822
 29991.304, 60500.000,  -690.986,     0.291
 38418.634, 60500.000,  -711.224,     0.905
 25539.130, 60500.000,  -610.034,     0.864
 52411.180, 60500.000,  -708.333,     0.887
 48833.540, 60500.000,  -688.095,     0.875
 57817.391, 60500.000,  -766.156,     0.781
 31342.857, 60500.000,  -630.272,     0.918
 33648.447, 60500.000,  -630.272,     0.653
 36510.559, 60500.000,  -679.422,     0.873
 49072.050, 60500.000,  -714.116,     0.842
 60600.000, 60500.000,  -800.850,     0.833
 59009.938, 60500.000,  -757.483,     0.534
 49946.584, 60500.000,  -740.136,     0.842
 27447.205, 60500.000,  -633.163,     0.882
 34840.994, 60500.000,  -693.878,     0.782
 45732.919, 60500.000,  -717.007,     0.497
 20212.422, 60500.000,  -575.340,     0.510
 17429.814, 60500.000,  -569.558,     0.668
 25300.621, 60500.000,  -650.510,     0.797
 52808.696, 60500.000,  -751.701,     0.827
 14011.180, 60500.000,  -569.558,     0.860
 37464.596, 60500.000,  -659.184,     0.721
 45732.919, 60500.000,  -676.531,     0.839
 35159.006, 60500.000,  -650.510,     0.921
 49549.068, 60500.000,  -719.898,     0.675
 16793.789, 60500.000,  -621.599,     0.476
 11228.571, 60500.000,  -563.776,     0.929
 40644.720, 60500.000,  -685.204,     0.865
 14011.180, 60500.000,  -604.252,     0.760
 30229.814, 60500.000,  -676.531,     0.769
 28719.255, 60500.000,  -618.707,     0.755
 10513.043, 60500.000,  -607.143,     0.947
 29275.776, 60500.000,  -621.599,     0.882
 29593.789, 60500.000,  -633.163,     0.894
 34363.975, 60500.000,  -627.381,     0.501
 39213.665, 60500.000,  -662.075,     0.816
 16157.764, 60500.000,  -615.816,     0.399
 54875.776, 60500.000,  -682.313,     0.243
 28162.733, 60500.000,  -650.510,     0.774
 13772.671, 60500.000,  -575.340,     0.782
 19019.876, 60500.000,  -630.272,     0.736
 17429.814, 60500.000,  -650.510,     0.851
 44858.385, 60500.000,  -702.551,     0.830
 14011.180, 60500.000,  -624.490,     0.701
 56465.839, 60500.000,  -754.592,     0.876
 23392.547, 60500.000,  -601.361,     0.933
 10036.025, 60500.000,  -641.837,     0.673
 33727.950, 60500.000,  -621.599,     0.536
 32853.416, 60500.000,  -650.510,     0.933
 26890.683, 60500.000,  -667.857,     0.470
 46448.447, 60500.000,  -679.422,     0.769
 51059.627, 60500.000,  -705.442,     0.874
 38577.640, 60500.000,  -711.224,     0.938
 37385.093, 60500.000,  -644.728,     0.176
 41916.770, 60500.000,  -679.422,     0.687
 53762.733, 60500.000,  -766.156,     0.520
 48515.528, 60500.000,  -685.204,     0.631
 41757.764, 60500.000,  -722.789,     0.821
 30070.807, 60500.000,  -650.510,     0.813
 48197.516, 60500.000,  -685.204,     0.850
 29832.298, 60500.000,  -618.707,     0.824
 25857.143, 60500.000,  -604.252,     0.885
 53603.727, 60500.000,  -743.027,     0.766
 54557.764, 60500.000,  -696.769,     0.874
 27844.720, 60500.000,  -633.163,     0.830
  9877.019, 60500.000,  -566.667,     0.750
 28242.236, 60500.000,  -662.075,     0.460
 18304.348, 60500.000,  -621.599,     0.544
 27129.193, 60500.000,  -589.796,     0.789
 35715.528, 60500.000,  -659.184,     0.843
 32455.901, 60500.000,  -612.925,     0.526
 47800.000, 60500.000,  -705.442,     0.666
 28719.255, 60500.000,  -673.639,     0.853
 32614.907, 60500.000,  -690.986,     0.810
 47402.484, 60500.000,  -711.224,     0.862
 10433.540, 60500.000,  -540.646,     0.782
 49787.578, 60500.000,  -682.313,     0.571
 10751.553, 60500.000,  -604.252,     0.962
 12341.615, 60500.000,  -641.837,     0.624
 13613.665, 60500.000,  -578.231,     0.851
 19258.385, 60500.000,  -612.925,     0.984
 21722.981, 60500.000,  -682.313,     0.388
 37782.609, 60500.000,  -682.313,     0.578
 59645.963, 60500.000,  -717.007,     0.934
 16078.261, 60500.000,  -569.558,     0.850
 14249.689, 60500.000,  -610.034,     0.772
 26095.652, 60500.000,  -604.252,     0.799
 25698.137, 60500.000,  -584.014,     0.746
 47243.478, 60500.000,  -676.531,     0.131
 29673.292, 60500.000,  -615.816,     0.816
 41916.770, 60500.000,  -664.966,     0.955
 51298.137, 60500.000,  -728.571,     0.382
 16793.789, 60500.000,  -612.925,     0.566
 52729.193, 60500.000,  -748.810,     0.844
 24982.609, 60500.000,  -638.946,     0.878
 14647.205, 60500.000,  -644.728,     0.896
 26811.180, 60500.000,  -624.490,     0.975
 43983.851, 60500.000,  -734.354,     0.656
 10513.043, 60500.000,  -624.490,     0.826
 28957.764, 60500.000,  -610.034,     0.635
 32853.416, 60500.000,  -676.531,     0.764
 16952.795, 60500.000,  -604.252,     0.910
 45255.901, 60500.000,  -728.571,     0.949
 11626.087, 60500.000,  -618.707,     0.601
 14090.683, 60500.000,  -598.469,     0.694
 33886.957, 60500.000,  -690.986,     0.786
 52808.696, 60500.000,  -688.095,     0.816
 40008.696, 60500.000,  -719.898,     0.903
 59327.950, 60500.000,  -711.224,     0.724
 55670.807, 60500.000,  -737.245,     0.506
 38577.640, 60500.000,  -708.333,     0.949
 47402.484, 60500.000,  -734.354,     0.897
 22756.522, 60500.000,  -589.796,     0.637
 36590.062, 60500.000,  -653.401,     0.862
 21961.491, 60500.000,  -664.966,     0.817
 31104.348, 60500.000,  -685.204,     0.526
 12182.609, 60500.000,  -615.816,     0.540
 36908.075, 60500.000,  -699.660,     0.921
 21563.975, 60500.000,  -662.075,     0.658
 23313.043, 60500.000,  -615.816,     0.835
 24823.602, 60500.000,  -575.340,     0.075
 51298.137, 60500.000,  -705.442,     0.811
 22040.994, 60500.000,  -636.054,     0.827
 14090.683, 60500.000,  -601.361,     0.713
 44063.354, 60500.000,  -737.245,     0.321
 57340.373, 60500.000,  -731.463,     0.837
 11944.099, 60500.000,  -621.599,     0.827
 11308.075, 60500.000,  -627.381,     0.866
 50582.609, 60500.000,  -722.789,     0.425
 40803.727, 60500.000,  -722.789,     0.917
 10751.553, 60500.000,  -575.340,     0.652
 28480.745, 60500.000,  -662.075,     0.558
 45096.894, 60500.000,  -673.639,     0.802
 14647.205, 60500.000,  -589.796,     0.940
 58055.901, 60500.000,  -719.898,     0.486
 13375.155, 60500.000,  -581.122,     0.708
 48833.540, 60500.000,  -743.027,     0.625
 56147.826, 60500.000,  -771.939,     0.475
 31342.857, 60500.000,  -679.422,     0.862
 30786.335, 60500.000,  -690.986,     0.379
 13613.665, 60500.000,  -615.816,     0.698
 20848.447, 60500.000,  -641.837,     0.855
 32773.913, 60500.000,  -638.946,     0.933
 35795.031, 60500.000,  -690.986,     0.724
 14249.689, 60500.000,  -615.816,     0.597
 39770.186, 60500.000,  -659.184,     0.804
 13454.658, 60500.000,  -581.122,     0.779
 22836.025, 60500.000,  -627.381,     0.836
 12659.627, 60500.000,  -549.320,     0.719
 38021.118, 60500.000,  -650.510,     0.212
 15680.745, 60500.000,  -566.667,     0.967
 26254.658, 60500.000,  -581.122,     0.620
 59089.441, 60500.000,  -769.048,     0.856
 10274.534, 60500.000,  -621.599,     0.614
 28798.758, 60500.000,  -627.381,     0.922
 17668.323, 60500.000,  -670.748,     0.605
 10195.031, 60500.000,  -607.143,     0.925
 16157.764, 60500.000,  -610.034,     0.578
 54001.242, 60500.000,  -728.571,     0.818
 27765.217, 60500.000,  -688.095,     0.441
 50185.093, 60500.000,  -699.660,     0.855
 46289.441, 60500.000,  -717.007,     0.486
 23869.565, 60500.000,  -592.687,     0.642
 14806.211, 60500.000,  -589.796,     0.952
 13693.168, 60500.000,  -633.163,     0.885
 19814.907, 60500.000,  -673.639,     0.966
 15998.758, 60500.000,  -656.293,     0.647
 28321.739, 60500.000,  -685.204,     0.742
 21086.957, 60500.000,  -610.034,     0.754
 29434.783, 60500.000,  -610.034,     0.817
 21643.478, 60500.000,  -586.905,     0.858
 29355.280, 60500.000,  -676.531,     0.934
 36033.540, 60500.000,  -699.660,     0.880
 25539.130, 60500.000,  -624.490,     0.833
 51218.634, 60500.000,  -743.027,     0.907
 31422.360, 60500.000,  -598.469,     0.089
 10036.025, 60500.000,  -612.925,     0.855
 25857.143, 60500.000,  -670.748,     0.479
 10354.037, 60500.000,  -610.034,     0.881
 48436.025, 60500.000,  -682.313,     0.543
 24982.609, 60500.000,  -624.490,     0.648
 32455.901, 60500.000,  -676.531,     0.895
 15680.745, 60500.000,  -598.469,     0.811
 51775.155, 60500.000,  -763.265,     0.024
 48038.509, 60500.000,  -705.442,     0.595
 17191.304, 60500.000,  -621.599,     0.486
 50980.124, 60500.000,  -708.333,     0.655
 14011.180, 60500.000,  -627.381,     0.826
 22359.006, 60500.000,  -589.796,     0.839
 43745.342, 60500.000,  -670.748,     0.827
  9400.000, 60500.000,  -627.381,     0.816
 52808.696, 60500.000,  -745.918,     0.898
 29911.801, 60500.000,  -682.313,     0.894
 10672.050, 60500.000,  -618.707,     0.732
 45732.919, 60500.000,  -714.116,     0.475
 54239.752, 60500.000,  -728.571,     0.745
 23154.037, 60500.000,  -607.143,     0.958
 17986.335, 60500.000,  -636.054,     0.972
 25777.640, 60500.000,  -650.510,     0.757
 38021.118, 60500.000,  -717.007,     0.590
 13772.671, 60500.000,  -572.449,     0.826
 57976.398, 60500.000,  -711.224,     0.755
 26572.671, 60500.000,  -630.272,     0.797
 46130.435, 60500.000,  -719.898,     0.504
 21325.466, 60500.000,  -592.687,     0.894
 49390.062, 60500.000,  -682.313,     0.701
 59645.963, 60500.000,  -754.592,     0.478
 13136.646, 60500.000,  -546.429,     0.755
 53285.714, 60500.000,  -714.116,     0.878
 35318.012, 60500.000,  -662.075,     0.764
 32058.385, 60500.000,  -656.293,     0.698
 39372.671, 60500.000,  -670.748,     0.785
 16555.280, 60500.000,  -592.687,     0.713
 54001.242, 60500.000,  -714.116,     0.815
 49549.068, 60500.000,  -737.245,     0.773
 59407.453, 60500.000,  -725.680,     0.484
 28480.745, 60500.000,  -630.272,     0.797
 36431.056, 60500.000,  -647.619,     0.941
 57181.366, 60500.000,  -751.701,     0.926
 49310.559, 60500.000,  -743.027,     0.646
 37385.093, 60500.000,  -699.660,     0.873
 44460.870, 60500.000,  -670.748,     0.875
 54875.776, 60500.000,  -708.333,     0.964
 37067.081, 60500.000,  -685.204,     0.702
 32376.398, 60500.000,  -630.272,     0.954
 55670.807, 60500.000,  -745.918,     0.825
 26016.149, 60500.000,  -670.748,     0.580
 22120.497, 60500.000,  -670.748,     0.722
 17668.323, 60500.000,  -604.252,     0.670
 25857.143, 60500.000,  -612.925,     0.643
 33250.932, 60500.000,  -653.401,     0.953
 39929.193, 60500.000,  -682.313,     0.917
 54160.248, 60500.000,  -725.680,     0.895
 15442.236, 60500.000,  -595.578,     0.893
 42950.311, 60500.000,  -722.789,     0.943
 55352.795, 60500.000,  -771.939,     0.621
 21086.957, 60500.000,  -659.184,     0.551
  9718.012, 60500.000,  -557.993,     0.941
 52570.186, 60500.000,  -679.422,     0.767
 15998.758, 60500.000,  -615.816,     0.406
 17747.826, 60500.000,  -618.707,     0.741
 22995.031, 60500.000,  -618.707,     0.683
 58850.932, 60500.000,  -734.354,     0.955
 55670.807, 60500.000,  -705.442,     0.580
 41121.739, 60500.000,  -696.769,     0.899
 15998.758, 60500.000,  -572.449,     0.889
 26970.186, 60500.000,  -586.905,     0.870
 17350.311, 60500.000,  -670.748,     0.418
 53285.714, 60500.000,  -754.592,     0.975
 60600.000, 60500.000,  -754.592,     0.665
 57181.366, 60500.000,  -766.156,     0.554
 29434.783, 60500.000,  -618.707,     0.859
 20689.441, 60500.000,  -624.490,     0.602
 35795.031, 60500.000,  -702.551,     0.955
 22518.012, 60500.000,  -664.966,     0.806
 40247.205, 60500.000,  -711.224,     0.849
 33330.435, 60500.000,  -653.401,     0.962
 12739.130, 60500.000,  -566.667,     0.929
 23233.540, 60500.000,  -633.163,     0.821
 59248.447, 60500.000,  -702.551,     0.930
 15362.733, 60500.000,  -641.837,     0.965
 38895.652, 60500.000,  -714.116,     0.921
 16396.273, 60500.000,  -650.510,     0.895
 58532.919, 60500.000,  -722.789,     0.535
 54478.261, 60500.000,  -705.442,     0.905
 51139.130, 60500.000,  -737.245,     0.944
 14488.199, 60500.000,  -598.469,     0.516
 41360.248, 60500.000,  -682.313,     0.668
 22756.522, 60500.000,  -615.816,     0.810
  9797.516, 60500.000,  -636.054,     0.815
 53921.739, 60500.000,  -714.116,     0.815
 22040.994, 60500.000,  -656.293,     0.381
 19735.404, 60500.000,  -641.837,     0.874
 55829.814, 60500.000,  -690.986,     0.898
 39531.677, 60500.000,  -673.639,     0.878
 14567.702, 60500.000,  -607.143,     0.624
 50503.106, 60500.000,  -743.027,     0.729
 38418.634, 60500.000,  -664.966,     0.841
 41280.745, 60500.000,  -699.660,     0.861
 37464.596, 60500.000,  -670.748,     0.805
 30786.335, 60500.000,  -676.531,     0.751
 33886.957, 60500.000,  -682.313,     0.878
 46209.938, 60500.000,  -696.769,     0.929
 33648.447, 60500.000,  -690.986,     0.914
 30945.342, 60500.000,  -618.707,     0.753
 16396.273, 60500.000,  -566.667,     0.957
 41121.739, 60500.000,  -670.748,     0.780
 17668.323, 60500.000,  -581.122,     0.798
 22279.503, 60500.000,  -589.796,     0.839
 39690.683, 60500.000,  -685.204,     0.647
 39054.658, 60500.000,  -676.531,     0.900
 19337.888, 60500.000,  -624.490,     0.638
 10274.534, 60500.000,  -644.728,     0.680
 46448.447, 60500.000,  -714.116,     0.522
 29275.776, 60500.000,  -612.925,     0.766
 57737.888, 60500.000,  -714.116,     0.518
 10354.037, 60500.000,  -546.429,     0.727
 33171.429, 60500.000,  -610.034,     0.093
 44540.373, 60500.000,  -708.333,     0.535
 51298.137, 60500.000,  -708.333,     0.575
 23869.565, 60500.000,  -595.578,     0.775
 13931.677, 60500.000,  -615.816,     0.597
 54796.273, 60500.000,  -757.483,     0.933
 28321.739, 60500.000,  -650.510,     0.819
 16714.286, 60500.000,  -638.946,     0.935
 50185.093, 60500.000,  -737.245,     0.954
 34443.478, 60500.000,  -659.184,     0.926
 50105.590, 60500.000,  -717.007,     0.856
 34363.975, 60500.000,  -633.163,     0.660
 56545.342, 60500.000,  -780.612,     0.481
